1760119714293 0.0550357732526142 200
1760119804705 0.1100715465052284 400
1760119899412 0.1651073197578426 600
1760119992271 0.2201430930104568 800
1760120085724 0.275178866263071 1000
1760120178423 0.3302146395156852 1200
1760120272859 0.3852504127682994 1400
1760120363163 0.4402861860209136 1600
1760120456252 0.4953219592735278 1800
1760120549113 0.550357732526142 2000
1760120639361 0.6053935057787562 2200
1760120732539 0.6604292790313704 2400
1760120825588 0.7154650522839846 2600
1760120915965 0.7705008255365988 2800
1760121009025 0.825536598789213 3000
1760121099039 0.8805723720418271 3200
1760121191840 0.9356081452944414 3400
1760121284759 0.9906439185470556 3600
1760121421953 1.0456796917996698 3800
1760121516062 1.100715465052284 4000
1760121608550 1.1557512383048982 4200
1760121703079 1.2107870115575123 4400
1760121793020 1.2658227848101267 4600
1760121885767 1.3208585580627408 4800
1760121978719 1.3758943313153549 5000
1760122069725 1.4309301045679692 5200
1760122163800 1.4859658778205833 5400
1760122257062 1.5410016510731976 5600
1760122347497 1.5960374243258117 5800
1760122440978 1.6510731975784259 6000
1760122533807 1.7061089708310402 6200
1760122624388 1.7611447440836545 6400
1760122717471 1.8161805173362686 6600
1760122810696 1.8712162905888827 6800
1760122900814 1.9262520638414968 7000
1760122993590 1.9812878370941112 7200
1760123086300 2.0363236103467255 7400
1760123179720 2.0913593835993396 7600
1760123272754 2.1463951568519537 7800
1760123362892 2.201430930104568 8000
1760123456604 2.2564667033571824 8200
1760123546638 2.3115024766097965 8400
1760123642078 2.3665382498624106 8600
1760123735693 2.4215740231150247 8800
1760123826043 2.476609796367639 9000
1760123920378 2.5316455696202533 9200
1760124013902 2.5866813428728674 9400
1760124103997 2.6417171161254815 9600
1760124197472 2.6967528893780957 9800
1760124287724 2.7517886626307098 10000
1760124381036 2.8068244358833243 10200
1760124474681 2.8618602091359384 10400
1760124565351 2.9168959823885525 10600
1760124658941 2.9719317556411666 10800
1760124749038 3.026967528893781 11000
1760124842310 3.0820033021463953 11200
1760124936066 3.1370390753990094 11400
1760125026168 3.1920748486516235 11600
1760125119576 3.2471106219042376 11800
1760125209886 3.3021463951568517 12000
1760125303288 3.3571821684094663 12200
1760125396321 3.4122179416620804 12400
1760125486699 3.4672537149146945 12600
1760125580222 3.522289488167309 12800
1760125670274 3.577325261419923 13000
1760125763907 3.6323610346725372 13200
1760125857027 3.6873968079251513 13400
1760125947055 3.7424325811777654 13600
1760126040526 3.7974683544303796 13800
1760126130173 3.852504127682994 14000
1760126223827 3.907539900935608 14200
1760126316976 3.9625756741882223 14400
1760126376988 4.0 14536
1760126469108 4.0 14536
