1760119714293 9.134882926940918 200
1760119804705 6.0282673835754395 400
1760119899412 8.35116958618164 600
1760119992271 8.226242065429688 800
1760120085724 11.487645149230957 1000
1760120178423 10.449725151062012 1200
1760120272859 9.97977066040039 1400
1760120363163 6.625698566436768 1600
1760120456252 7.831818580627441 1800
1760120549113 8.083205223083496 2000
1760120639361 4.851224899291992 2200
1760120732539 4.129991054534912 2400
1760120825588 4.657658100128174 2600
1760120915965 4.68858528137207 2800
1760121009025 8.094572067260742 3000
1760121099039 5.773609638214111 3200
1760121191840 3.664987087249756 3400
1760121284759 5.41586446762085 3600
1760121421953 6.892155170440674 3800
1760121516062 5.6851301193237305 4000
1760121608550 8.850704193115234 4200
1760121703079 5.717236042022705 4400
1760121793020 6.364866733551025 4600
1760121885767 7.427486896514893 4800
1760121978719 4.328463554382324 5000
1760122069725 6.4690117835998535 5200
1760122163800 4.144819736480713 5400
1760122257062 6.984673023223877 5600
1760122347497 4.126439571380615 5800
1760122440978 5.182348251342773 6000
1760122533807 4.858181476593018 6200
1760122624388 7.44329833984375 6400
1760122717471 5.822155952453613 6600
1760122810696 5.538177013397217 6800
1760122900814 4.888252258300781 7000
1760122993590 5.612884998321533 7200
1760123086300 4.908830165863037 7400
1760123179720 6.333393096923828 7600
1760123272754 7.287026882171631 7800
1760123362892 4.733685493469238 8000
1760123456604 9.045915603637695 8200
1760123546638 8.66804027557373 8400
1760123642078 7.726905822753906 8600
1760123735693 7.610635757446289 8800
1760123826043 7.773581504821777 9000
1760123920378 7.373406410217285 9200
1760124013902 9.099987030029297 9400
1760124103997 12.378769874572754 9600
1760124197472 8.784167289733887 9800
1760124287724 7.677129745483398 10000
1760124381036 11.904332160949707 10200
1760124474681 12.036005020141602 10400
1760124565351 11.074121475219727 10600
1760124658941 8.351800918579102 10800
1760124749038 7.18700647354126 11000
1760124842310 8.958612442016602 11200
1760124936066 13.45457935333252 11400
1760125026168 19.942096710205078 11600
1760125119576 19.490598678588867 11800
1760125209886 15.778963088989258 12000
1760125303288 16.50333023071289 12200
1760125396321 15.708429336547852 12400
1760125486699 17.5449275970459 12600
1760125580222 9.930740356445312 12800
1760125670274 13.564624786376953 13000
1760125763907 12.298672676086426 13200
1760125857027 17.692943572998047 13400
1760125947055 14.446474075317383 13600
1760126040526 13.286726951599121 13800
1760126130173 14.35323715209961 14000
1760126223827 13.44455337524414 14200
1760126316976 18.953184127807617 14400
