1760119714293 1.9726197028068245e-05 200
1760119804705 1.9451018161805177e-05 400
1760119899412 1.9175839295542105e-05 600
1760119992271 1.8900660429279033e-05 800
1760120085724 1.862548156301596e-05 1000
1760120178423 1.8350302696752892e-05 1200
1760120272859 1.807512383048982e-05 1400
1760120363163 1.779994496422675e-05 1600
1760120456252 1.7524766097963676e-05 1800
1760120549113 1.7249587231700607e-05 2000
1760120639361 1.6974408365437535e-05 2200
1760120732539 1.6699229499174466e-05 2400
1760120825588 1.6424050632911394e-05 2600
1760120915965 1.6148871766648322e-05 2800
1760121009025 1.587369290038525e-05 3000
1760121099039 1.559851403412218e-05 3200
1760121191840 1.532333516785911e-05 3400
1760121284759 1.504815630159604e-05 3600
1760121421953 1.4772977435332967e-05 3800
1760121516062 1.4497798569069897e-05 4000
1760121608550 1.4222619702806827e-05 4200
1760121703079 1.3947440836543754e-05 4400
1760121793020 1.3672261970280682e-05 4600
1760121885767 1.3397083104017612e-05 4800
1760121978719 1.3121904237754542e-05 5000
1760122069725 1.2846725371491471e-05 5200
1760122163800 1.2571546505228401e-05 5400
1760122257062 1.2296367638965327e-05 5600
1760122347497 1.2021188772702257e-05 5800
1760122440978 1.1746009906439187e-05 6000
1760122533807 1.1470831040176116e-05 6200
1760122624388 1.1195652173913046e-05 6400
1760122717471 1.0920473307649972e-05 6600
1760122810696 1.0645294441386902e-05 6800
1760122900814 1.0370115575123831e-05 7000
1760122993590 1.0094936708860761e-05 7200
1760123086300 9.819757842597689e-06 7400
1760123179720 9.544578976334619e-06 7600
1760123272754 9.269400110071547e-06 7800
1760123362892 8.994221243808476e-06 8000
1760123456604 8.719042377545404e-06 8200
1760123546638 8.443863511282334e-06 8400
1760123642078 8.168684645019264e-06 8600
1760123735693 7.893505778756192e-06 8800
1760123826043 7.618326912493121e-06 9000
1760123920378 7.34314804623005e-06 9200
1760124013902 7.067969179966979e-06 9400
1760124103997 6.7927903137039084e-06 9600
1760124197472 6.517611447440837e-06 9800
1760124287724 6.242432581177766e-06 10000
1760124381036 5.967253714914695e-06 10200
1760124474681 5.6920748486516245e-06 10400
1760124565351 5.4168959823885524e-06 10600
1760124658941 5.141717116125482e-06 10800
1760124749038 4.866538249862411e-06 11000
1760124842310 4.59135938359934e-06 11200
1760124936066 4.316180517336269e-06 11400
1760125026168 4.041001651073198e-06 11600
1760125119576 3.765822784810127e-06 11800
1760125209886 3.4906439185470558e-06 12000
1760125303288 3.2154650522839846e-06 12200
1760125396321 2.9402861860209138e-06 12400
1760125486699 2.665107319757843e-06 12600
1760125580222 2.389928453494772e-06 12800
1760125670274 2.114749587231701e-06 13000
1760125763907 1.8395707209686298e-06 13200
1760125857027 1.5643918547055586e-06 13400
1760125947055 1.2892129884424879e-06 13600
1760126040526 1.0140341221794167e-06 13800
1760126130173 7.388552559163458e-07 14000
1760126223827 4.6367638965327465e-07 14200
1760126316976 1.8849752339020366e-07 14400
