1760119714293 0.6515 200
1760119804705 0.5482 400
1760119899412 0.5498 600
1760119992271 0.548 800
1760120085724 0.5211 1000
1760120178423 0.5239 1200
1760120272859 0.5204 1400
1760120363163 0.5207 1600
1760120456252 0.5212 1800
1760120549113 0.5188 2000
1760120639361 0.504 2200
1760120732539 0.5155 2400
1760120825588 0.5038 2600
1760120915965 0.5061 2800
1760121009025 0.4944 3000
1760121099039 0.4948 3200
1760121191840 0.4944 3400
1760121284759 0.5029 3600
1760121421953 0.4812 3800
1760121516062 0.469 4000
1760121608550 0.4799 4200
1760121703079 0.4799 4400
1760121793020 0.4711 4600
1760121885767 0.4828 4800
1760121978719 0.4712 5000
1760122069725 0.4818 5200
1760122163800 0.4807 5400
1760122257062 0.4734 5600
1760122347497 0.4635 5800
1760122440978 0.4712 6000
1760122533807 0.476 6200
1760122624388 0.4685 6400
1760122717471 0.4631 6600
1760122810696 0.4677 6800
1760122900814 0.4652 7000
1760122993590 0.4654 7200
1760123086300 0.4356 7400
1760123179720 0.4218 7600
1760123272754 0.4235 7800
1760123362892 0.4313 8000
1760123456604 0.4268 8200
1760123546638 0.429 8400
1760123642078 0.4254 8600
1760123735693 0.4281 8800
1760123826043 0.4289 9000
1760123920378 0.4261 9200
1760124013902 0.4299 9400
1760124103997 0.421 9600
1760124197472 0.4212 9800
1760124287724 0.4359 10000
1760124381036 0.4122 10200
1760124474681 0.4237 10400
1760124565351 0.4172 10600
1760124658941 0.4112 10800
1760124749038 0.3943 11000
1760124842310 0.361 11200
1760124936066 0.3586 11400
1760125026168 0.3609 11600
1760125119576 0.3583 11800
1760125209886 0.3623 12000
1760125303288 0.3588 12200
1760125396321 0.3579 12400
1760125486699 0.3587 12600
1760125580222 0.3528 12800
1760125670274 0.358 13000
1760125763907 0.3477 13200
1760125857027 0.3509 13400
1760125947055 0.3535 13600
1760126040526 0.3547 13800
1760126130173 0.3512 14000
1760126223827 0.3461 14200
1760126316976 0.3506 14400
