1758448415753 0.06949270326615706 200
1758448510954 0.13898540653231412 400
1758448605845 0.20847810979847117 600
1758448700663 0.27797081306462823 800
1758448795022 0.34746351633078526 1000
1758448889260 0.41695621959694235 1200
1758448983866 0.4864489228630994 1400
1758449077644 0.5559416261292565 1600
1758449171352 0.6254343293954134 1800
1758449265213 0.6949270326615705 2000
1758449359129 0.7644197359277276 2200
1758449453143 0.8339124391938847 2400
1758449547923 0.9034051424600417 2600
1758449641481 0.9728978457261988 2800
1758449749715 1.0423905489923557 3000
1758449846286 1.111883252258513 3200
1758449941810 1.18137595552467 3400
1758450036281 1.2508686587908269 3600
1758450131023 1.320361362056984 3800
1758450226893 1.389854065323141 4000
1758450321303 1.459346768589298 4200
1758450415595 1.5288394718554552 4400
1758450509959 1.5983321751216122 4600
1758450603962 1.6678248783877692 4800
1758450698226 1.7373175816539264 5000
1758450792613 1.8068102849200836 5200
1758450886909 1.8763029881862403 5400
1758450981197 1.9457956914523975 5600
1758451076387 2.0152883947185547 5800
1758451170743 2.0847810979847115 6000
1758451265057 2.1542738012508686 6200
1758451359294 2.223766504517026 6400
1758451453307 2.2932592077831826 6600
1758451547785 2.36275191104934 6800
1758451642119 2.432244614315497 7000
1758451736323 2.5017373175816537 7200
1758451831918 2.571230020847811 7400
1758451926223 2.640722724113968 7600
1758452020255 2.710215427380125 7800
1758452114731 2.779708130646282 8000
1758452208786 2.8492008339124393 8200
1758452302759 2.918693537178596 8400
1758452397295 2.9881862404447532 8600
1758452492147 3.0576789437109104 8800
1758452586189 3.127171646977067 9000
1758452680857 3.1966643502432244 9200
1758452775072 3.2661570535093816 9400
1758452869508 3.3356497567755383 9600
1758452963568 3.4051424600416955 9800
1758453058028 3.4746351633078527 10000
1758453152574 3.5441278665740095 10200
1758453246800 3.6136205698401667 10400
1758453341351 3.683113273106324 10600
1758453435760 3.752605976372481 10800
1758453529924 3.822098679638638 11000
1758453624515 3.891591382904795 11200
1758453718603 3.961084086170952 11400
1758453771448 4.0 11512
1758453839767 4.0 11512
