1758448415753 13.281373977661133 200
1758448510954 14.491838455200195 400
1758448605845 7.06001615524292 600
1758448700663 6.637869358062744 800
1758448795022 7.029231548309326 1000
1758448889260 8.484755516052246 1200
1758448983866 9.065471649169922 1400
1758449077644 4.498775482177734 1600
1758449171352 5.002171039581299 1800
1758449265213 5.486226558685303 2000
1758449359129 6.26043176651001 2200
1758449453143 6.316004753112793 2400
1758449547923 4.808316230773926 2600
1758449641481 7.737789630889893 2800
1758449749715 7.597910404205322 3000
1758449846286 6.160187244415283 3200
1758449941810 9.051358222961426 3400
1758450036281 4.7111430168151855 3600
1758450131023 4.793270111083984 3800
1758450226893 4.821002960205078 4000
1758450321303 7.857294082641602 4200
1758450415595 5.754887580871582 4400
1758450509959 6.947054862976074 4600
1758450603962 4.5715789794921875 4800
1758450698226 5.997044563293457 5000
1758450792613 11.894071578979492 5200
1758450886909 4.7048797607421875 5400
1758450981197 7.88524866104126 5600
1758451076387 6.882195949554443 5800
1758451170743 13.899089813232422 6000
1758451265057 8.900443077087402 6200
1758451359294 26.330318450927734 6400
1758451453307 5.91105318069458 6600
1758451547785 7.144589900970459 6800
1758451642119 7.055208683013916 7000
1758451736323 9.239845275878906 7200
1758451831918 6.626633167266846 7400
1758451926223 8.979517936706543 7600
1758452020255 7.515280246734619 7800
1758452114731 10.991669654846191 8000
1758452208786 12.143780708312988 8200
1758452302759 8.262120246887207 8400
1758452397295 9.819548606872559 8600
1758452492147 9.289390563964844 8800
1758452586189 8.361435890197754 9000
1758452680857 8.932425498962402 9200
1758452775072 10.790879249572754 9400
1758452869508 11.61725902557373 9600
1758452963568 22.703353881835938 9800
1758453058028 10.809891700744629 10000
1758453152574 10.865330696105957 10200
1758453246800 11.533166885375977 10400
1758453341351 10.812191009521484 10600
1758453435760 11.68064022064209 10800
1758453529924 10.971405029296875 11000
1758453624515 17.060007095336914 11200
1758453718603 9.579928398132324 11400
