1758448415753 1.965427380125087e-05 200
1758448510954 1.9306810284920084e-05 400
1758448605845 1.89593467685893e-05 600
1758448700663 1.8611883252258515e-05 800
1758448795022 1.826441973592773e-05 1000
1758448889260 1.7916956219596945e-05 1200
1758448983866 1.7569492703266157e-05 1400
1758449077644 1.7222029186935375e-05 1600
1758449171352 1.6874565670604587e-05 1800
1758449265213 1.6527102154273802e-05 2000
1758449359129 1.6179638637943017e-05 2200
1758449453143 1.5832175121612233e-05 2400
1758449547923 1.5484711605281448e-05 2600
1758449641481 1.5137248088950663e-05 2800
1758449749715 1.4789784572619876e-05 3000
1758449846286 1.444232105628909e-05 3200
1758449941810 1.4094857539958307e-05 3400
1758450036281 1.374739402362752e-05 3600
1758450131023 1.3399930507296735e-05 3800
1758450226893 1.305246699096595e-05 4000
1758450321303 1.2705003474635165e-05 4200
1758450415595 1.2357539958304379e-05 4400
1758450509959 1.2010076441973592e-05 4600
1758450603962 1.166261292564281e-05 4800
1758450698226 1.1315149409312023e-05 5000
1758450792613 1.0967685892981236e-05 5200
1758450886909 1.0620222376650453e-05 5400
1758450981197 1.0272758860319666e-05 5600
1758451076387 9.925295343988882e-06 5800
1758451170743 9.577831827658097e-06 6000
1758451265057 9.230368311327312e-06 6200
1758451359294 8.882904794996527e-06 6400
1758451453307 8.53544127866574e-06 6600
1758451547785 8.187977762334956e-06 6800
1758451642119 7.84051424600417e-06 7000
1758451736323 7.493050729673384e-06 7200
1758451831918 7.145587213342599e-06 7400
1758451926223 6.7981236970118145e-06 7600
1758452020255 6.450660180681029e-06 7800
1758452114731 6.103196664350244e-06 8000
1758452208786 5.755733148019459e-06 8200
1758452302759 5.4082696316886725e-06 8400
1758452397295 5.060806115357888e-06 8600
1758452492147 4.713342599027103e-06 8800
1758452586189 4.365879082696317e-06 9000
1758452680857 4.018415566365532e-06 9200
1758452775072 3.6709520500347466e-06 9400
1758452869508 3.3234885337039613e-06 9600
1758452963568 2.976025017373176e-06 9800
1758453058028 2.6285615010423907e-06 10000
1758453152574 2.2810979847116055e-06 10200
1758453246800 1.93363446838082e-06 10400
1758453341351 1.586170952050035e-06 10600
1758453435760 1.2387074357192496e-06 10800
1758453529924 8.912439193884642e-07 11000
1758453624515 5.43780403057679e-07 11200
1758453718603 1.963168867268937e-07 11400
