1758448415753 0.6479 200
1758448510954 0.5697 400
1758448605845 0.5421 600
1758448700663 0.5403 800
1758448795022 0.5331 1000
1758448889260 0.5302 1200
1758448983866 0.5295 1400
1758449077644 0.5183 1600
1758449171352 0.5198 1800
1758449265213 0.5209 2000
1758449359129 0.5169 2200
1758449453143 0.5081 2400
1758449547923 0.511 2600
1758449641481 0.5133 2800
1758449749715 0.4882 3000
1758449846286 0.4889 3200
1758449941810 0.4762 3400
1758450036281 0.4781 3600
1758450131023 0.4831 3800
1758450226893 0.4871 4000
1758450321303 0.4796 4200
1758450415595 0.476 4400
1758450509959 0.478 4600
1758450603962 0.4785 4800
1758450698226 0.4756 5000
1758450792613 0.4772 5200
1758450886909 0.4792 5400
1758450981197 0.4722 5600
1758451076387 0.4657 5800
1758451170743 0.4326 6000
1758451265057 0.4297 6200
1758451359294 0.4309 6400
1758451453307 0.4203 6600
1758451547785 0.4365 6800
1758451642119 0.4372 7000
1758451736323 0.4301 7200
1758451831918 0.435 7400
1758451926223 0.4344 7600
1758452020255 0.4273 7800
1758452114731 0.4295 8000
1758452208786 0.4279 8200
1758452302759 0.4294 8400
1758452397295 0.4267 8600
1758452492147 0.3818 8800
1758452586189 0.3769 9000
1758452680857 0.3719 9200
1758452775072 0.3713 9400
1758452869508 0.3635 9600
1758452963568 0.3691 9800
1758453058028 0.3693 10000
1758453152574 0.3577 10200
1758453246800 0.3659 10400
1758453341351 0.365 10600
1758453435760 0.3712 10800
1758453529924 0.3647 11000
1758453624515 0.3621 11200
1758453718603 0.3707 11400
