1759384929303 0.055020632737276476 200
1759385023160 0.11004126547455295 400
1759385116764 0.16506189821182943 600
1759385209240 0.2200825309491059 800
1759385301585 0.2751031636863824 1000
1759385393837 0.33012379642365886 1200
1759385485932 0.38514442916093533 1400
1759385577799 0.4401650618982118 1600
1759385669806 0.4951856946354883 1800
1759385761712 0.5502063273727648 2000
1759385853294 0.6052269601100413 2200
1759385945137 0.6602475928473177 2400
1759386038015 0.7152682255845942 2600
1759386129999 0.7702888583218707 2800
1759386221961 0.8253094910591472 3000
1759386313912 0.8803301237964236 3200
1759386405959 0.9353507565337001 3400
1759386497980 0.9903713892709766 3600
1759386602371 1.045392022008253 3800
1759386698250 1.1004126547455295 4000
1759386790453 1.155433287482806 4200
1759386882571 1.2104539202200826 4400
1759386975736 1.265474552957359 4600
1759387068975 1.3204951856946354 4800
1759387160975 1.375515818431912 5000
1759387253152 1.4305364511691885 5200
1759387345287 1.485557083906465 5400
1759387437371 1.5405777166437415 5600
1759387529711 1.5955983493810177 5800
1759387621958 1.6506189821182944 6000
1759387714304 1.7056396148555708 6200
1759387806327 1.7606602475928472 6400
1759387899537 1.8156808803301239 6600
1759387993112 1.8707015130674003 6800
1759388085413 1.9257221458046767 7000
1759388177606 1.9807427785419534 7200
1759388269563 2.0357634112792296 7400
1759388361553 2.090784044016506 7600
1759388453543 2.145804676753783 7800
1759388545627 2.200825309491059 8000
1759388638127 2.2558459422283357 8200
1759388730823 2.310866574965612 8400
1759388824172 2.3658872077028885 8600
1759388917865 2.420907840440165 8800
1759389010263 2.4759284731774414 9000
1759389102490 2.530949105914718 9200
1759389194436 2.5859697386519946 9400
1759389286514 2.640990371389271 9600
1759389378667 2.6960110041265475 9800
1759389470514 2.751031636863824 10000
1759389562825 2.8060522696011003 10200
1759389654688 2.861072902338377 10400
1759389747368 2.916093535075653 10600
1759389839952 2.97111416781293 10800
1759389933251 3.0261348005502064 11000
1759390025413 3.0811554332874826 11200
1759390117679 3.1361760660247593 11400
1759390209749 3.191196698762036 11600
1759390302099 3.246217331499312 11800
1759390394334 3.3012379642365888 12000
1759390486222 3.3562585969738654 12200
1759390578336 3.4112792297111416 12400
1759390670371 3.4662998624484183 12600
1759390762577 3.5213204951856945 12800
1759390854648 3.576341127922971 13000
1759390946380 3.6313617606602477 13200
1759391038149 3.686382393397524 13400
1759391130307 3.7414030261348006 13600
1759391222286 3.796423658872077 13800
1759391314130 3.8514442916093534 14000
1759391406044 3.90646492434663 14200
1759391498176 3.9614855570839067 14400
1759391563065 4.0 14540
1759391873179 4.0 14540
