1759384929303 14.076726913452148 200
1759385023160 12.03727912902832 400
1759385116764 9.960348129272461 600
1759385209240 7.348570823669434 800
1759385301585 7.43056058883667 1000
1759385393837 6.359105587005615 1200
1759385485932 4.922396183013916 1400
1759385577799 9.428523063659668 1600
1759385669806 7.226672649383545 1800
1759385761712 4.441107749938965 2000
1759385853294 7.947859287261963 2200
1759385945137 4.338161945343018 2400
1759386038015 8.032907485961914 2600
1759386129999 3.2477076053619385 2800
1759386221961 5.961620807647705 3000
1759386313912 8.925530433654785 3200
1759386405959 6.999773979187012 3400
1759386497980 5.63468074798584 3600
1759386602371 4.5046820640563965 3800
1759386698250 6.249658107757568 4000
1759386790453 10.133709907531738 4200
1759386882571 7.23513126373291 4400
1759386975736 6.8548173904418945 4600
1759387068975 6.116945743560791 4800
1759387160975 4.398664951324463 5000
1759387253152 6.852691173553467 5200
1759387345287 3.530742883682251 5400
1759387437371 4.786451816558838 5600
1759387529711 5.083006381988525 5800
1759387621958 7.562166213989258 6000
1759387714304 7.651279926300049 6200
1759387806327 8.039070129394531 6400
1759387899537 9.91742992401123 6600
1759387993112 6.139371395111084 6800
1759388085413 5.4766645431518555 7000
1759388177606 7.431854248046875 7200
1759388269563 6.499227523803711 7400
1759388361553 10.872215270996094 7600
1759388453543 10.835819244384766 7800
1759388545627 9.989567756652832 8000
1759388638127 5.198878288269043 8200
1759388730823 13.26803207397461 8400
1759388824172 9.380136489868164 8600
1759388917865 9.54365062713623 8800
1759389010263 14.477662086486816 9000
1759389102490 9.77522087097168 9200
1759389194436 10.69005012512207 9400
1759389286514 14.554281234741211 9600
1759389378667 9.031530380249023 9800
1759389470514 14.975478172302246 10000
1759389562825 8.903748512268066 10200
1759389654688 20.935585021972656 10400
1759389747368 9.181467056274414 10600
1759389839952 8.16112232208252 10800
1759389933251 11.101663589477539 11000
1759390025413 15.93285846710205 11200
1759390117679 10.675192832946777 11400
1759390209749 15.209707260131836 11600
1759390302099 17.0838565826416 11800
1759390394334 16.49612045288086 12000
1759390486222 14.210662841796875 12200
1759390578336 9.482483863830566 12400
1759390670371 25.96875762939453 12600
1759390762577 23.747295379638672 12800
1759390854648 12.705604553222656 13000
1759390946380 13.927825927734375 13200
1759391038149 16.790462493896484 13400
1759391130307 14.400446891784668 13600
1759391222286 11.769827842712402 13800
1759391314130 18.15924072265625 14000
1759391406044 18.111356735229492 14200
1759391498176 20.58179473876953 14400
