1759384929303 1.972627235213205e-05 200
1759385023160 1.945116918844567e-05 400
1759385116764 1.9176066024759286e-05 600
1759385209240 1.8900962861072905e-05 800
1759385301585 1.862585969738652e-05 1000
1759385393837 1.835075653370014e-05 1200
1759385485932 1.8075653370013758e-05 1400
1759385577799 1.7800550206327373e-05 1600
1759385669806 1.7525447042640992e-05 1800
1759385761712 1.725034387895461e-05 2000
1759385853294 1.6975240715268227e-05 2200
1759385945137 1.6700137551581846e-05 2400
1759386038015 1.642503438789546e-05 2600
1759386129999 1.614993122420908e-05 2800
1759386221961 1.58748280605227e-05 3000
1759386313912 1.5599724896836314e-05 3200
1759386405959 1.5324621733149933e-05 3400
1759386497980 1.504951856946355e-05 3600
1759386602371 1.4774415405777167e-05 3800
1759386698250 1.4499312242090786e-05 4000
1759386790453 1.4224209078404403e-05 4200
1759386882571 1.3949105914718019e-05 4400
1759386975736 1.367400275103164e-05 4600
1759387068975 1.3398899587345255e-05 4800
1759387160975 1.3123796423658872e-05 5000
1759387253152 1.2848693259972491e-05 5200
1759387345287 1.2573590096286108e-05 5400
1759387437371 1.2298486932599727e-05 5600
1759387529711 1.2023383768913344e-05 5800
1759387621958 1.1748280605226961e-05 6000
1759387714304 1.147317744154058e-05 6200
1759387806327 1.1198074277854196e-05 6400
1759387899537 1.0922971114167813e-05 6600
1759387993112 1.0647867950481432e-05 6800
1759388085413 1.0372764786795049e-05 7000
1759388177606 1.0097661623108666e-05 7200
1759388269563 9.822558459422285e-06 7400
1759388361553 9.547455295735902e-06 7600
1759388453543 9.27235213204952e-06 7800
1759388545627 8.997248968363136e-06 8000
1759388638127 8.722145804676755e-06 8200
1759388730823 8.447042640990372e-06 8400
1759388824172 8.17193947730399e-06 8600
1759388917865 7.896836313617607e-06 8800
1759389010263 7.6217331499312256e-06 9000
1759389102490 7.346629986244842e-06 9200
1759389194436 7.07152682255846e-06 9400
1759389286514 6.796423658872078e-06 9600
1759389378667 6.521320495185696e-06 9800
1759389470514 6.246217331499312e-06 10000
1759389562825 5.97111416781293e-06 10200
1759389654688 5.696011004126548e-06 10400
1759389747368 5.420907840440166e-06 10600
1759389839952 5.145804676753783e-06 10800
1759389933251 4.870701513067401e-06 11000
1759390025413 4.595598349381018e-06 11200
1759390117679 4.320495185694636e-06 11400
1759390209749 4.045392022008253e-06 11600
1759390302099 3.770288858321871e-06 11800
1759390394334 3.4951856946354886e-06 12000
1759390486222 3.220082530949106e-06 12200
1759390578336 2.9449793672627238e-06 12400
1759390670371 2.6698762035763414e-06 12600
1759390762577 2.394773039889959e-06 12800
1759390854648 2.1196698762035765e-06 13000
1759390946380 1.844566712517194e-06 13200
1759391038149 1.5694635488308115e-06 13400
1759391130307 1.294360385144429e-06 13600
1759391222286 1.0192572214580467e-06 13800
1759391314130 7.441540577716644e-07 14000
1759391406044 4.690508940852821e-07 14200
1759391498176 1.9394773039889962e-07 14400
