1759384929303 0.6352 200
1759385023160 0.5686 400
1759385116764 0.5442 600
1759385209240 0.5273 800
1759385301585 0.5252 1000
1759385393837 0.5263 1200
1759385485932 0.5205 1400
1759385577799 0.5122 1600
1759385669806 0.5132 1800
1759385761712 0.5055 2000
1759385853294 0.5072 2200
1759385945137 0.5193 2400
1759386038015 0.5117 2600
1759386129999 0.5028 2800
1759386221961 0.507 3000
1759386313912 0.5014 3200
1759386405959 0.5057 3400
1759386497980 0.496 3600
1759386602371 0.4792 3800
1759386698250 0.4693 4000
1759386790453 0.4676 4200
1759386882571 0.469 4400
1759386975736 0.467 4600
1759387068975 0.4688 4800
1759387160975 0.4708 5000
1759387253152 0.4688 5200
1759387345287 0.467 5400
1759387437371 0.4744 5600
1759387529711 0.4687 5800
1759387621958 0.4659 6000
1759387714304 0.4677 6200
1759387806327 0.4715 6400
1759387899537 0.4708 6600
1759387993112 0.4724 6800
1759388085413 0.4582 7000
1759388177606 0.4706 7200
1759388269563 0.4374 7400
1759388361553 0.419 7600
1759388453543 0.42 7800
1759388545627 0.4175 8000
1759388638127 0.4141 8200
1759388730823 0.4157 8400
1759388824172 0.4183 8600
1759388917865 0.4172 8800
1759389010263 0.4236 9000
1759389102490 0.4272 9200
1759389194436 0.424 9400
1759389286514 0.4112 9600
1759389378667 0.4178 9800
1759389470514 0.4114 10000
1759389562825 0.4149 10200
1759389654688 0.4143 10400
1759389747368 0.4091 10600
1759389839952 0.416 10800
1759389933251 0.3829 11000
1759390025413 0.3572 11200
1759390117679 0.3487 11400
1759390209749 0.3481 11600
1759390302099 0.352 11800
1759390394334 0.3427 12000
1759390486222 0.346 12200
1759390578336 0.342 12400
1759390670371 0.3538 12600
1759390762577 0.35 12800
1759390854648 0.3476 13000
1759390946380 0.3441 13200
1759391038149 0.3418 13400
1759391130307 0.3428 13600
1759391222286 0.3385 13800
1759391314130 0.3356 14000
1759391406044 0.3391 14200
1759391498176 0.3337 14400
