1758304423823 12.275092124938965 200
1758304521375 14.859111785888672 400
1758304756550 6.99673318862915 600
1758304982200 8.193138122558594 800
1758305092137 6.092950820922852 1000
1758305202720 8.666829109191895 1200
1758305314231 8.369026184082031 1400
1758305424844 5.697696685791016 1600
1758305535666 5.93757963180542 1800
1758305646809 6.374835968017578 2000
1758305758119 5.766994953155518 2200
1758305869572 6.857451915740967 2400
1758305981466 5.70707893371582 2600
1758306092649 9.799083709716797 2800
1758306656883 6.517917156219482 3000
1758307339979 8.474946022033691 3200
1758308036416 6.82820987701416 3400
1758308716758 4.367940425872803 3600
1758309358140 5.235445976257324 3800
1758310078555 4.31196928024292 4000
1758310759222 6.552080154418945 4200
1758311444236 4.514962196350098 4400
1758312120505 5.935817241668701 4600
1758312861839 5.518129348754883 4800
1758313596721 7.745281219482422 5000
1758314345948 7.636209487915039 5200
1758315128703 5.720226764678955 5400
1758315898276 6.676074504852295 5600
1758316666168 6.652959823608398 5800
1758317433937 7.160801410675049 6000
1758318182400 8.10444164276123 6200
1758318908624 7.51645565032959 6400
1758319629046 7.248128414154053 6600
1758320371227 6.600498676300049 6800
1758321080242 5.351446151733398 7000
1758321779177 11.097400665283203 7200
1758322526450 9.57121753692627 7400
1758323238602 8.344361305236816 7600
1758323947699 7.7344183921813965 7800
1758324647685 13.081697463989258 8000
1758325355254 10.280110359191895 8200
1758326021688 8.99769401550293 8400
1758326723822 11.172096252441406 8600
1758327464735 8.316618919372559 8800
1758328199403 11.128972053527832 9000
1758328954942 9.837753295898438 9200
1758329653971 12.521439552307129 9400
1758330350001 12.02385425567627 9600
1758331057964 7.346682548522949 9800
1758331794344 14.833412170410156 10000
1758332568434 12.053805351257324 10200
1758333324335 15.304628372192383 10400
1758334115736 11.981058120727539 10600
1758334840107 12.415606498718262 10800
1758335573027 14.640542030334473 11000
1758336274784 20.15521812438965 11200
1758337029563 7.962699890136719 11400
