1758304423823 1.965427380125087e-05 200
1758304521375 1.9306810284920084e-05 400
1758304756550 1.89593467685893e-05 600
1758304982200 1.8611883252258515e-05 800
1758305092137 1.826441973592773e-05 1000
1758305202720 1.7916956219596945e-05 1200
1758305314231 1.7569492703266157e-05 1400
1758305424844 1.7222029186935375e-05 1600
1758305535666 1.6874565670604587e-05 1800
1758305646809 1.6527102154273802e-05 2000
1758305758119 1.6179638637943017e-05 2200
1758305869572 1.5832175121612233e-05 2400
1758305981466 1.5484711605281448e-05 2600
1758306092649 1.5137248088950663e-05 2800
1758306656883 1.4789784572619876e-05 3000
1758307339979 1.444232105628909e-05 3200
1758308036416 1.4094857539958307e-05 3400
1758308716758 1.374739402362752e-05 3600
1758309358140 1.3399930507296735e-05 3800
1758310078555 1.305246699096595e-05 4000
1758310759222 1.2705003474635165e-05 4200
1758311444236 1.2357539958304379e-05 4400
1758312120505 1.2010076441973592e-05 4600
1758312861839 1.166261292564281e-05 4800
1758313596721 1.1315149409312023e-05 5000
1758314345948 1.0967685892981236e-05 5200
1758315128703 1.0620222376650453e-05 5400
1758315898276 1.0272758860319666e-05 5600
1758316666168 9.925295343988882e-06 5800
1758317433937 9.577831827658097e-06 6000
1758318182400 9.230368311327312e-06 6200
1758318908624 8.882904794996527e-06 6400
1758319629046 8.53544127866574e-06 6600
1758320371227 8.187977762334956e-06 6800
1758321080242 7.84051424600417e-06 7000
1758321779177 7.493050729673384e-06 7200
1758322526450 7.145587213342599e-06 7400
1758323238602 6.7981236970118145e-06 7600
1758323947699 6.450660180681029e-06 7800
1758324647685 6.103196664350244e-06 8000
1758325355254 5.755733148019459e-06 8200
1758326021688 5.4082696316886725e-06 8400
1758326723822 5.060806115357888e-06 8600
1758327464735 4.713342599027103e-06 8800
1758328199403 4.365879082696317e-06 9000
1758328954942 4.018415566365532e-06 9200
1758329653971 3.6709520500347466e-06 9400
1758330350001 3.3234885337039613e-06 9600
1758331057964 2.976025017373176e-06 9800
1758331794344 2.6285615010423907e-06 10000
1758332568434 2.2810979847116055e-06 10200
1758333324335 1.93363446838082e-06 10400
1758334115736 1.586170952050035e-06 10600
1758334840107 1.2387074357192496e-06 10800
1758335573027 8.912439193884642e-07 11000
1758336274784 5.43780403057679e-07 11200
1758337029563 1.963168867268937e-07 11400
