1758304423823 0.6918 200
1758304521375 0.5781 400
1758304756550 0.5471 600
1758304982200 0.5401 800
1758305092137 0.5346 1000
1758305202720 0.5293 1200
1758305314231 0.529 1400
1758305424844 0.5181 1600
1758305535666 0.5185 1800
1758305646809 0.5194 2000
1758305758119 0.5161 2200
1758305869572 0.5121 2400
1758305981466 0.5129 2600
1758306092649 0.5115 2800
1758306656883 0.4865 3000
1758307339979 0.4858 3200
1758308036416 0.4729 3400
1758308716758 0.4789 3600
1758309358140 0.4824 3800
1758310078555 0.4851 4000
1758310759222 0.4749 4200
1758311444236 0.4755 4400
1758312120505 0.4786 4600
1758312861839 0.4776 4800
1758313596721 0.4764 5000
1758314345948 0.478 5200
1758315128703 0.479 5400
1758315898276 0.4727 5600
1758316666168 0.4639 5800
1758317433937 0.4285 6000
1758318182400 0.4268 6200
1758318908624 0.432 6400
1758319629046 0.4178 6600
1758320371227 0.4344 6800
1758321080242 0.4326 7000
1758321779177 0.4261 7200
1758322526450 0.4343 7400
1758323238602 0.4292 7600
1758323947699 0.4219 7800
1758324647685 0.4277 8000
1758325355254 0.4264 8200
1758326021688 0.4254 8400
1758326723822 0.4238 8600
1758327464735 0.3755 8800
1758328199403 0.3739 9000
1758328954942 0.3639 9200
1758329653971 0.3657 9400
1758330350001 0.3596 9600
1758331057964 0.3674 9800
1758331794344 0.3637 10000
1758332568434 0.3525 10200
1758333324335 0.3579 10400
1758334115736 0.3557 10600
1758334840107 0.368 10800
1758335573027 0.3626 11000
1758336274784 0.3577 11200
1758337029563 0.3618 11400
