1758437523750 0.06949270326615706 200
1758437618159 0.13898540653231412 400
1758437712974 0.20847810979847117 600
1758437807941 0.27797081306462823 800
1758437901134 0.34746351633078526 1000
1758437994422 0.41695621959694235 1200
1758438088671 0.4864489228630994 1400
1758438181264 0.5559416261292565 1600
1758438274080 0.6254343293954134 1800
1758438367069 0.6949270326615705 2000
1758438460172 0.7644197359277276 2200
1758438553123 0.8339124391938847 2400
1758438646961 0.9034051424600417 2600
1758438739710 0.9728978457261988 2800
1758438859831 1.0423905489923557 3000
1758438956490 1.111883252258513 3200
1758439051641 1.18137595552467 3400
1758439145086 1.2508686587908269 3600
1758439239724 1.320361362056984 3800
1758439335121 1.389854065323141 4000
1758439428523 1.459346768589298 4200
1758439521705 1.5288394718554552 4400
1758439614842 1.5983321751216122 4600
1758439708206 1.6678248783877692 4800
1758439801231 1.7373175816539264 5000
1758439894520 1.8068102849200836 5200
1758439987770 1.8763029881862403 5400
1758440080868 1.9457956914523975 5600
1758440175721 2.0152883947185547 5800
1758440268905 2.0847810979847115 6000
1758440362197 2.1542738012508686 6200
1758440455322 2.223766504517026 6400
1758440548071 2.2932592077831826 6600
1758440641386 2.36275191104934 6800
1758440734682 2.432244614315497 7000
1758440828033 2.5017373175816537 7200
1758440923210 2.571230020847811 7400
1758441016512 2.640722724113968 7600
1758441109702 2.710215427380125 7800
1758441202868 2.779708130646282 8000
1758441295874 2.8492008339124393 8200
1758441388841 2.918693537178596 8400
1758441482034 2.9881862404447532 8600
1758441575629 3.0576789437109104 8800
1758441668758 3.127171646977067 9000
1758441762042 3.1966643502432244 9200
1758441855080 3.2661570535093816 9400
1758441948754 3.3356497567755383 9600
1758442041962 3.4051424600416955 9800
1758442135337 3.4746351633078527 10000
1758442228729 3.5441278665740095 10200
1758442321977 3.6136205698401667 10400
1758442415460 3.683113273106324 10600
1758442508905 3.752605976372481 10800
1758442602067 3.822098679638638 11000
1758442695393 3.891591382904795 11200
1758442788807 3.961084086170952 11400
1758442841100 4.0 11512
