1758437523750 22.507436752319336 200
1758437618159 13.759942054748535 400
1758437712974 8.98630428314209 600
1758437807941 10.106749534606934 800
1758437901134 17.59658432006836 1000
1758437994422 9.360477447509766 1200
1758438088671 8.884392738342285 1400
1758438181264 4.936839580535889 1600
1758438274080 5.334604263305664 1800
1758438367069 7.349736213684082 2000
1758438460172 6.230865001678467 2200
1758438553123 6.9770073890686035 2400
1758438646961 5.082359790802002 2600
1758438739710 10.365467071533203 2800
1758438859831 8.691354751586914 3000
1758438956490 7.3770432472229 3200
1758439051641 7.208630561828613 3400
1758439145086 31.624114990234375 3600
1758439239724 5.023834228515625 3800
1758439335121 4.929410457611084 4000
1758439428523 9.839437484741211 4200
1758439521705 5.8522162437438965 4400
1758439614842 6.200933933258057 4600
1758439708206 4.751714706420898 4800
1758439801231 5.475550651550293 5000
1758439894520 10.667144775390625 5200
1758439987770 5.85924768447876 5400
1758440080868 6.037509441375732 5600
1758440175721 9.495704650878906 5800
1758440268905 8.054186820983887 6000
1758440362197 8.67317008972168 6200
1758440455322 9.266130447387695 6400
1758440548071 6.056440830230713 6600
1758440641386 8.812570571899414 6800
1758440734682 9.839190483093262 7000
1758440828033 13.014847755432129 7200
1758440923210 7.687631130218506 7400
1758441016512 9.271675109863281 7600
1758441109702 9.632116317749023 7800
1758441202868 12.973379135131836 8000
1758441295874 12.068048477172852 8200
1758441388841 15.327775001525879 8400
1758441482034 22.986581802368164 8600
1758441575629 11.385150909423828 8800
1758441668758 11.75701904296875 9000
1758441762042 11.496536254882812 9200
1758441855080 25.60816764831543 9400
1758441948754 16.44861602783203 9600
1758442041962 10.22872543334961 9800
1758442135337 16.81125831604004 10000
1758442228729 8.47634220123291 10200
1758442321977 21.266414642333984 10400
1758442415460 21.14472007751465 10600
1758442508905 14.185103416442871 10800
1758442602067 18.858654022216797 11000
1758442695393 24.48356819152832 11200
1758442788807 9.009439468383789 11400
