1758437523750 1.965427380125087e-05 200
1758437618159 1.9306810284920084e-05 400
1758437712974 1.89593467685893e-05 600
1758437807941 1.8611883252258515e-05 800
1758437901134 1.826441973592773e-05 1000
1758437994422 1.7916956219596945e-05 1200
1758438088671 1.7569492703266157e-05 1400
1758438181264 1.7222029186935375e-05 1600
1758438274080 1.6874565670604587e-05 1800
1758438367069 1.6527102154273802e-05 2000
1758438460172 1.6179638637943017e-05 2200
1758438553123 1.5832175121612233e-05 2400
1758438646961 1.5484711605281448e-05 2600
1758438739710 1.5137248088950663e-05 2800
1758438859831 1.4789784572619876e-05 3000
1758438956490 1.444232105628909e-05 3200
1758439051641 1.4094857539958307e-05 3400
1758439145086 1.374739402362752e-05 3600
1758439239724 1.3399930507296735e-05 3800
1758439335121 1.305246699096595e-05 4000
1758439428523 1.2705003474635165e-05 4200
1758439521705 1.2357539958304379e-05 4400
1758439614842 1.2010076441973592e-05 4600
1758439708206 1.166261292564281e-05 4800
1758439801231 1.1315149409312023e-05 5000
1758439894520 1.0967685892981236e-05 5200
1758439987770 1.0620222376650453e-05 5400
1758440080868 1.0272758860319666e-05 5600
1758440175721 9.925295343988882e-06 5800
1758440268905 9.577831827658097e-06 6000
1758440362197 9.230368311327312e-06 6200
1758440455322 8.882904794996527e-06 6400
1758440548071 8.53544127866574e-06 6600
1758440641386 8.187977762334956e-06 6800
1758440734682 7.84051424600417e-06 7000
1758440828033 7.493050729673384e-06 7200
1758440923210 7.145587213342599e-06 7400
1758441016512 6.7981236970118145e-06 7600
1758441109702 6.450660180681029e-06 7800
1758441202868 6.103196664350244e-06 8000
1758441295874 5.755733148019459e-06 8200
1758441388841 5.4082696316886725e-06 8400
1758441482034 5.060806115357888e-06 8600
1758441575629 4.713342599027103e-06 8800
1758441668758 4.365879082696317e-06 9000
1758441762042 4.018415566365532e-06 9200
1758441855080 3.6709520500347466e-06 9400
1758441948754 3.3234885337039613e-06 9600
1758442041962 2.976025017373176e-06 9800
1758442135337 2.6285615010423907e-06 10000
1758442228729 2.2810979847116055e-06 10200
1758442321977 1.93363446838082e-06 10400
1758442415460 1.586170952050035e-06 10600
1758442508905 1.2387074357192496e-06 10800
1758442602067 8.912439193884642e-07 11000
1758442695393 5.43780403057679e-07 11200
1758442788807 1.963168867268937e-07 11400
