1758437523750 0.6781 200
1758437618159 0.5791 400
1758437712974 0.5443 600
1758437807941 0.5401 800
1758437901134 0.532 1000
1758437994422 0.5321 1200
1758438088671 0.5281 1400
1758438181264 0.5185 1600
1758438274080 0.5205 1800
1758438367069 0.5178 2000
1758438460172 0.5142 2200
1758438553123 0.5104 2400
1758438646961 0.5132 2600
1758438739710 0.5116 2800
1758438859831 0.4856 3000
1758438956490 0.4871 3200
1758439051641 0.4756 3400
1758439145086 0.4782 3600
1758439239724 0.4834 3800
1758439335121 0.4857 4000
1758439428523 0.4816 4200
1758439521705 0.4744 4400
1758439614842 0.4782 4600
1758439708206 0.4796 4800
1758439801231 0.4785 5000
1758439894520 0.4773 5200
1758439987770 0.4794 5400
1758440080868 0.474 5600
1758440175721 0.4656 5800
1758440268905 0.4339 6000
1758440362197 0.431 6200
1758440455322 0.4339 6400
1758440548071 0.4229 6600
1758440641386 0.434 6800
1758440734682 0.4355 7000
1758440828033 0.4312 7200
1758440923210 0.4385 7400
1758441016512 0.4331 7600
1758441109702 0.4286 7800
1758441202868 0.4283 8000
1758441295874 0.4264 8200
1758441388841 0.4302 8400
1758441482034 0.4284 8600
1758441575629 0.3846 8800
1758441668758 0.3739 9000
1758441762042 0.3671 9200
1758441855080 0.3689 9400
1758441948754 0.3595 9600
1758442041962 0.3716 9800
1758442135337 0.3692 10000
1758442228729 0.3576 10200
1758442321977 0.3648 10400
1758442415460 0.3632 10600
1758442508905 0.3716 10800
1758442602067 0.3608 11000
1758442695393 0.3631 11200
1758442788807 0.3681 11400
