1758350009960 0.06949270326615706 200
1758350112007 0.13898540653231412 400
1758350215349 0.20847810979847117 600
1758350321396 0.27797081306462823 800
1758350423146 0.34746351633078526 1000
1758350524497 0.41695621959694235 1200
1758350628050 0.4864489228630994 1400
1758350726561 0.5559416261292565 1600
1758350828253 0.6254343293954134 1800
1758350930117 0.6949270326615705 2000
1758351032159 0.7644197359277276 2200
1758351134296 0.8339124391938847 2400
1758351236250 0.9034051424600417 2600
1758351338133 0.9728978457261988 2800
1758351887503 1.0423905489923557 3000
1758352496315 1.111883252258513 3200
1758353094267 1.18137595552467 3400
1758353685444 1.2508686587908269 3600
1758354277995 1.320361362056984 3800
1758354894543 1.389854065323141 4000
1758355477983 1.459346768589298 4200
1758356086762 1.5288394718554552 4400
1758356716698 1.5983321751216122 4600
1758357342308 1.6678248783877692 4800
1758357930859 1.7373175816539264 5000
1758358540605 1.8068102849200836 5200
1758359173036 1.8763029881862403 5400
1758359793552 1.9457956914523975 5600
1758360451335 2.0152883947185547 5800
1758361094212 2.0847810979847115 6000
1758361700254 2.1542738012508686 6200
1758362335474 2.223766504517026 6400
1758363002343 2.2932592077831826 6600
1758363689930 2.36275191104934 6800
1758364374271 2.432244614315497 7000
1758365100990 2.5017373175816537 7200
1758365785214 2.571230020847811 7400
1758366464821 2.640722724113968 7600
1758367140692 2.710215427380125 7800
1758367866403 2.779708130646282 8000
1758368560200 2.8492008339124393 8200
1758369277854 2.918693537178596 8400
1758369967429 2.9881862404447532 8600
1758370664734 3.0576789437109104 8800
1758371334378 3.127171646977067 9000
1758372031041 3.1966643502432244 9200
1758372697093 3.2661570535093816 9400
1758373364463 3.3356497567755383 9600
1758373873159 3.4051424600416955 9800
1758373974300 3.4746351633078527 10000
1758374074075 3.5441278665740095 10200
1758374173030 3.6136205698401667 10400
1758374272681 3.683113273106324 10600
1758374375992 3.752605976372481 10800
1758374477607 3.822098679638638 11000
1758374579356 3.891591382904795 11200
1758374677660 3.961084086170952 11400
1758374732707 4.0 11512
1758374811568 4.0 11512
