1758350009960 14.932247161865234 200
1758350112007 16.299053192138672 400
1758350215349 7.718697547912598 600
1758350321396 5.926352024078369 800
1758350423146 6.05275297164917 1000
1758350524497 10.450288772583008 1200
1758350628050 10.06342601776123 1400
1758350726561 7.278214454650879 1600
1758350828253 7.26262903213501 1800
1758350930117 11.410562515258789 2000
1758351032159 260.1988525390625 2200
1758351134296 7.4099440574646 2400
1758351236250 5.607049942016602 2600
1758351338133 8.30640983581543 2800
1758351887503 7.218472480773926 3000
1758352496315 7.950191497802734 3200
1758353094267 10.10157299041748 3400
1758353685444 21.089385986328125 3600
1758354277995 4.693339824676514 3800
1758354894543 5.156248569488525 4000
1758355477983 5.432455539703369 4200
1758356086762 5.515036582946777 4400
1758356716698 6.483579158782959 4600
1758357342308 5.5717692375183105 4800
1758357930859 7.849849224090576 5000
1758358540605 8.086882591247559 5200
1758359173036 5.541199207305908 5400
1758359793552 6.336759090423584 5600
1758360451335 7.818305015563965 5800
1758361094212 7.362987995147705 6000
1758361700254 8.337899208068848 6200
1758362335474 8.606935501098633 6400
1758363002343 7.9210429191589355 6600
1758363689930 7.648192405700684 6800
1758364374271 6.520295143127441 7000
1758365100990 9.98037052154541 7200
1758365785214 8.71261215209961 7400
1758366464821 7.411355495452881 7600
1758367140692 7.532555103302002 7800
1758367866403 10.24537181854248 8000
1758368560200 15.334869384765625 8200
1758369277854 9.368556022644043 8400
1758369967429 9.723621368408203 8600
1758370664734 11.943367958068848 8800
1758371334378 12.528498649597168 9000
1758372031041 7.8079118728637695 9200
1758372697093 12.48135757446289 9400
1758373364463 13.143595695495605 9600
1758373873159 9.825105667114258 9800
1758373974300 12.054370880126953 10000
1758374074075 11.605112075805664 10200
1758374173030 14.122554779052734 10400
1758374272681 11.267576217651367 10600
1758374375992 12.059560775756836 10800
1758374477607 12.709132194519043 11000
1758374579356 20.67542839050293 11200
1758374677660 9.24847412109375 11400
