1758350009960 1.965427380125087e-05 200
1758350112007 1.9306810284920084e-05 400
1758350215349 1.89593467685893e-05 600
1758350321396 1.8611883252258515e-05 800
1758350423146 1.826441973592773e-05 1000
1758350524497 1.7916956219596945e-05 1200
1758350628050 1.7569492703266157e-05 1400
1758350726561 1.7222029186935375e-05 1600
1758350828253 1.6874565670604587e-05 1800
1758350930117 1.6527102154273802e-05 2000
1758351032159 1.6179638637943017e-05 2200
1758351134296 1.5832175121612233e-05 2400
1758351236250 1.5484711605281448e-05 2600
1758351338133 1.5137248088950663e-05 2800
1758351887503 1.4789784572619876e-05 3000
1758352496315 1.444232105628909e-05 3200
1758353094267 1.4094857539958307e-05 3400
1758353685444 1.374739402362752e-05 3600
1758354277995 1.3399930507296735e-05 3800
1758354894543 1.305246699096595e-05 4000
1758355477983 1.2705003474635165e-05 4200
1758356086762 1.2357539958304379e-05 4400
1758356716698 1.2010076441973592e-05 4600
1758357342308 1.166261292564281e-05 4800
1758357930859 1.1315149409312023e-05 5000
1758358540605 1.0967685892981236e-05 5200
1758359173036 1.0620222376650453e-05 5400
1758359793552 1.0272758860319666e-05 5600
1758360451335 9.925295343988882e-06 5800
1758361094212 9.577831827658097e-06 6000
1758361700254 9.230368311327312e-06 6200
1758362335474 8.882904794996527e-06 6400
1758363002343 8.53544127866574e-06 6600
1758363689930 8.187977762334956e-06 6800
1758364374271 7.84051424600417e-06 7000
1758365100990 7.493050729673384e-06 7200
1758365785214 7.145587213342599e-06 7400
1758366464821 6.7981236970118145e-06 7600
1758367140692 6.450660180681029e-06 7800
1758367866403 6.103196664350244e-06 8000
1758368560200 5.755733148019459e-06 8200
1758369277854 5.4082696316886725e-06 8400
1758369967429 5.060806115357888e-06 8600
1758370664734 4.713342599027103e-06 8800
1758371334378 4.365879082696317e-06 9000
1758372031041 4.018415566365532e-06 9200
1758372697093 3.6709520500347466e-06 9400
1758373364463 3.3234885337039613e-06 9600
1758373873159 2.976025017373176e-06 9800
1758373974300 2.6285615010423907e-06 10000
1758374074075 2.2810979847116055e-06 10200
1758374173030 1.93363446838082e-06 10400
1758374272681 1.586170952050035e-06 10600
1758374375992 1.2387074357192496e-06 10800
1758374477607 8.912439193884642e-07 11000
1758374579356 5.43780403057679e-07 11200
1758374677660 1.963168867268937e-07 11400
