1758350009960 0.6648 200
1758350112007 0.5728 400
1758350215349 0.5438 600
1758350321396 0.5385 800
1758350423146 0.537 1000
1758350524497 0.5284 1200
1758350628050 0.5268 1400
1758350726561 0.5174 1600
1758350828253 0.5165 1800
1758350930117 0.5193 2000
1758351032159 0.5162 2200
1758351134296 0.512 2400
1758351236250 0.5142 2600
1758351338133 0.5131 2800
1758351887503 0.4882 3000
1758352496315 0.4878 3200
1758353094267 0.473 3400
1758353685444 0.4794 3600
1758354277995 0.4842 3800
1758354894543 0.4864 4000
1758355477983 0.479 4200
1758356086762 0.4754 4400
1758356716698 0.4798 4600
1758357342308 0.4777 4800
1758357930859 0.4771 5000
1758358540605 0.476 5200
1758359173036 0.4791 5400
1758359793552 0.4708 5600
1758360451335 0.4642 5800
1758361094212 0.4312 6000
1758361700254 0.4283 6200
1758362335474 0.4308 6400
1758363002343 0.4206 6600
1758363689930 0.4353 6800
1758364374271 0.4397 7000
1758365100990 0.4284 7200
1758365785214 0.4348 7400
1758366464821 0.435 7600
1758367140692 0.424 7800
1758367866403 0.4285 8000
1758368560200 0.426 8200
1758369277854 0.4274 8400
1758369967429 0.4215 8600
1758370664734 0.379 8800
1758371334378 0.3754 9000
1758372031041 0.3675 9200
1758372697093 0.368 9400
1758373364463 0.3611 9600
1758373873159 0.3649 9800
1758373974300 0.3682 10000
1758374074075 0.3554 10200
1758374173030 0.365 10400
1758374272681 0.3596 10600
1758374375992 0.3668 10800
1758374477607 0.3607 11000
1758374579356 0.3616 11200
1758374677660 0.3685 11400
