1758295870599 0.05201560468140442 200
1758295964288 0.10403120936280884 400
1758296059828 0.15604681404421328 600
1758296155149 0.20806241872561768 800
1758296246991 0.26007802340702213 1000
1758296341307 0.31209362808842656 1200
1758296483290 0.3641092327698309 1400
1758296581428 0.41612483745123535 1600
1758296679744 0.4681404421326398 1800
1758296778254 0.5201560468140443 2000
1758296875005 0.5721716514954487 2200
1758296972063 0.6241872561768531 2400
1758297066544 0.6762028608582574 2600
1758297160282 0.7282184655396619 2800
1758297252829 0.7802340702210663 3000
1758297475479 0.8322496749024707 3200
1758298170381 0.8842652795838751 3400
1758298813650 0.9362808842652796 3600
1758298954398 0.988296488946684 3800
1758299174036 1.0403120936280885 4000
1758299273562 1.092327698309493 4200
1758299474314 1.1443433029908974 4400
1758299789702 1.1963589076723018 4600
1758299933926 1.2483745123537062 4800
