1758295870599 17.131248474121094 200
1758295964288 13.830315589904785 400
1758296059828 9.617050170898438 600
1758296155149 9.076224327087402 800
1758296246991 5.3165154457092285 1000
1758296341307 5.391885757446289 1200
1758296483290 7.757603168487549 1400
1758296581428 8.538914680480957 1600
1758296679744 6.72531270980835 1800
1758296778254 12.04171371459961 2000
1758296875005 4.796247959136963 2200
1758296972063 5.5538763999938965 2400
1758297066544 5.799667835235596 2600
1758297160282 6.316091060638428 2800
1758297252829 4.818476676940918 3000
1758297475479 4.56797981262207 3200
1758298170381 6.380452632904053 3400
1758298813650 3.870257616043091 3600
1758298954398 5.066024303436279 3800
1758299174036 10.924272537231445 4000
1758299273562 5.221077919006348 4200
1758299474314 4.794675827026367 4400
1758299789702 5.746809959411621 4600
1758299933926 9.087406158447266 4800
