1758295870599 1.9741222366710016e-05 200
1758295964288 1.9481144343302995e-05 400
1758296059828 1.922106631989597e-05 600
1758296155149 1.896098829648895e-05 800
1758296246991 1.8700910273081928e-05 1000
1758296341307 1.8440832249674903e-05 1200
1758296483290 1.8180754226267882e-05 1400
1758296581428 1.792067620286086e-05 1600
1758296679744 1.766059817945384e-05 1800
1758296778254 1.7400520156046815e-05 2000
1758296875005 1.7140442132639794e-05 2200
1758296972063 1.6880364109232773e-05 2400
1758297066544 1.662028608582575e-05 2600
1758297160282 1.6360208062418727e-05 2800
1758297252829 1.6100130039011706e-05 3000
1758297475479 1.5840052015604684e-05 3200
1758298170381 1.557997399219766e-05 3400
1758298813650 1.531989596879064e-05 3600
1758298954398 1.5059817945383617e-05 3800
1758299174036 1.4799739921976594e-05 4000
1758299273562 1.4539661898569573e-05 4200
1758299474314 1.427958387516255e-05 4400
1758299789702 1.4019505851755527e-05 4600
1758299933926 1.3759427828348506e-05 4800
