1758295870599 0.6436 200
1758295964288 0.5729 400
1758296059828 0.5485 600
1758296155149 0.5457 800
1758296246991 0.5435 1000
1758296341307 0.5355 1200
1758296483290 0.526 1400
1758296581428 0.5273 1600
1758296679744 0.5243 1800
1758296778254 0.5174 2000
1758296875005 0.5183 2200
1758296972063 0.5168 2400
1758297066544 0.5191 2600
1758297160282 0.5132 2800
1758297252829 0.4926 3000
1758297475479 0.5069 3200
1758298170381 0.5118 3400
1758298813650 0.5107 3600
1758298954398 0.5052 3800
1758299174036 0.4999 4000
1758299273562 0.4819 4200
1758299474314 0.4723 4400
1758299789702 0.4887 4600
1758299933926 0.4884 4800
