1757862774642 0.05201560468140442 200
1757862876314 0.10403120936280884 400
1757862978602 0.15604681404421328 600
1757863089558 0.20806241872561768 800
1757863194373 0.26007802340702213 1000
1757863298585 0.31209362808842656 1200
1757863418677 0.3641092327698309 1400
1757863523207 0.41612483745123535 1600
1757863625816 0.4681404421326398 1800
1757863741342 0.5201560468140443 2000
1757863846537 0.5721716514954487 2200
1757863952639 0.6241872561768531 2400
1757864060632 0.6762028608582574 2600
1757864590253 0.7282184655396619 2800
1757864695641 0.7802340702210663 3000
1757864801381 0.8322496749024707 3200
1757864918799 0.8842652795838751 3400
1757865048407 0.9362808842652796 3600
1757865224908 0.988296488946684 3800
1757865391532 1.0403120936280885 4000
1757865487840 1.092327698309493 4200
1757865581637 1.1443433029908974 4400
1757865674178 1.1963589076723018 4600
1757865766647 1.2483745123537062 4800
1757865858948 1.3003901170351106 5000
1757865952321 1.352405721716515 5200
1757866044468 1.4044213263979195 5400
1757866136555 1.456436931079324 5600
1757866229073 1.5084525357607284 5800
1757866321536 1.5604681404421328 6000
1757866413977 1.6124837451235372 6200
1757866506810 1.6644993498049416 6400
1757866600433 1.716514954486346 6600
1757866692842 1.7685305591677505 6800
1757866785289 1.820546163849155 7000
1757866877658 1.8725617685305593 7200
1757866969883 1.9245773732119635 7400
1757867062573 1.976592977893368 7600
1757867156338 2.0286085825747726 7800
1757867249332 2.080624187256177 8000
1757867341850 2.1326397919375815 8200
1757867434046 2.184655396618986 8400
1757867526698 2.2366710013003903 8600
1757867619319 2.2886866059817947 8800
1757867711976 2.340702210663199 9000
1757867804574 2.3927178153446036 9200
1757867897000 2.444733420026008 9400
1757867989752 2.4967490247074124 9600
1757868082432 2.548764629388817 9800
1757868174697 2.6007802340702213 10000
1757868267112 2.6527958387516257 10200
1757868359677 2.70481144343303 10400
1757868451831 2.7568270481144346 10600
1757868544333 2.808842652795839 10800
1757868637234 2.8608582574772434 11000
1757868729733 2.912873862158648 11200
1757868821622 2.9648894668400523 11400
1757868913977 3.0169050715214563 11600
1757869006374 3.0689206762028607 11800
1757869098624 3.120936280884265 12000
1757869191042 3.1729518855656695 12200
1757869283577 3.224967490247074 12400
1757869375755 3.2769830949284784 12600
1757869467794 3.328998699609883 12800
1757869563499 3.3810143042912872 13000
1757869661663 3.4330299089726917 13200
1757869760356 3.485045513654096 13400
1757869859168 3.5370611183355005 13600
1757869958324 3.589076723016905 13800
1757870057067 3.6410923276983094 14000
1757870155728 3.693107932379714 14200
1757870254219 3.7451235370611182 14400
1757870353515 3.7971391417425226 14600
1757870453678 3.849154746423927 14800
1757870552680 3.9011703511053315 15000
1757870649907 3.953185955786736 15200
1757870737242 4.0 15380
1757870892156 4.0 15380
