1757862774642 12.490283966064453 200
1757862876314 23.270259857177734 400
1757862978602 9.170723915100098 600
1757863089558 7.122529029846191 800
1757863194373 6.523187160491943 1000
1757863298585 10.827128410339355 1200
1757863418677 7.952186584472656 1400
1757863523207 8.076249122619629 1600
1757863625816 8.4884033203125 1800
1757863741342 5.452060222625732 2000
1757863846537 5.167898178100586 2200
1757863952639 5.646879196166992 2400
1757864060632 8.313536643981934 2600
1757864590253 4.9926300048828125 2800
1757864695641 5.933313369750977 3000
1757864801381 4.23703670501709 3200
1757864918799 5.899147987365723 3400
1757865048407 3.0729317665100098 3600
1757865224908 4.4330902099609375 3800
1757865391532 6.698343276977539 4000
1757865487840 4.981803894042969 4200
1757865581637 6.953048229217529 4400
1757865674178 11.562617301940918 4600
1757865766647 4.994021415710449 4800
1757865858948 9.070022583007812 5000
1757865952321 7.129112720489502 5200
1757866044468 4.857308387756348 5400
1757866136555 7.668860912322998 5600
1757866229073 7.209718704223633 5800
1757866321536 3.19989275932312 6000
1757866413977 8.445180892944336 6200
1757866506810 6.297190189361572 6400
1757866600433 6.915737628936768 6600
1757866692842 6.858301639556885 6800
1757866785289 5.559747219085693 7000
1757866877658 5.4651899337768555 7200
1757866969883 6.374764442443848 7400
1757867062573 5.339661598205566 7600
1757867156338 5.653911590576172 7800
1757867249332 5.3364458084106445 8000
1757867341850 9.26584529876709 8200
1757867434046 4.995102405548096 8400
1757867526698 5.8927812576293945 8600
1757867619319 6.602682590484619 8800
1757867711976 22.774011611938477 9000
1757867804574 8.43161392211914 9200
1757867897000 4.097474575042725 9400
1757867989752 6.6055192947387695 9600
1757868082432 9.52451229095459 9800
1757868174697 6.836389064788818 10000
1757868267112 12.636137008666992 10200
1757868359677 12.772540092468262 10400
1757868451831 7.400058269500732 10600
1757868544333 15.873618125915527 10800
1757868637234 7.259835243225098 11000
1757868729733 9.974349021911621 11200
1757868821622 11.514925003051758 11400
1757868913977 13.231415748596191 11600
1757869006374 4.832645893096924 11800
1757869098624 9.092062950134277 12000
1757869191042 11.720341682434082 12200
1757869283577 9.276175498962402 12400
1757869375755 7.629543304443359 12600
1757869467794 4.084532260894775 12800
1757869563499 18.33890724182129 13000
1757869661663 13.655072212219238 13200
1757869760356 8.413824081420898 13400
1757869859168 5.349724292755127 13600
1757869958324 5.667219161987305 13800
1757870057067 9.446881294250488 14000
1757870155728 8.766658782958984 14200
1757870254219 9.821797370910645 14400
1757870353515 8.457895278930664 14600
1757870453678 11.708359718322754 14800
1757870552680 16.40131187438965 15000
1757870649907 9.328429222106934 15200
