1757862774642 1.9741222366710016e-05 200
1757862876314 1.9481144343302995e-05 400
1757862978602 1.922106631989597e-05 600
1757863089558 1.896098829648895e-05 800
1757863194373 1.8700910273081928e-05 1000
1757863298585 1.8440832249674903e-05 1200
1757863418677 1.8180754226267882e-05 1400
1757863523207 1.792067620286086e-05 1600
1757863625816 1.766059817945384e-05 1800
1757863741342 1.7400520156046815e-05 2000
1757863846537 1.7140442132639794e-05 2200
1757863952639 1.6880364109232773e-05 2400
1757864060632 1.662028608582575e-05 2600
1757864590253 1.6360208062418727e-05 2800
1757864695641 1.6100130039011706e-05 3000
1757864801381 1.5840052015604684e-05 3200
1757864918799 1.557997399219766e-05 3400
1757865048407 1.531989596879064e-05 3600
1757865224908 1.5059817945383617e-05 3800
1757865391532 1.4799739921976594e-05 4000
1757865487840 1.4539661898569573e-05 4200
1757865581637 1.427958387516255e-05 4400
1757865674178 1.4019505851755527e-05 4600
1757865766647 1.3759427828348506e-05 4800
1757865858948 1.3499349804941483e-05 5000
1757865952321 1.3239271781534462e-05 5200
1757866044468 1.297919375812744e-05 5400
1757866136555 1.2719115734720418e-05 5600
1757866229073 1.2459037711313395e-05 5800
1757866321536 1.2198959687906374e-05 6000
1757866413977 1.1938881664499351e-05 6200
1757866506810 1.1678803641092328e-05 6400
1757866600433 1.1418725617685307e-05 6600
1757866692842 1.1158647594278284e-05 6800
1757866785289 1.0898569570871263e-05 7000
1757866877658 1.063849154746424e-05 7200
1757866969883 1.0378413524057219e-05 7400
1757867062573 1.0118335500650196e-05 7600
1757867156338 9.858257477243175e-06 7800
1757867249332 9.598179453836152e-06 8000
1757867341850 9.338101430429129e-06 8200
1757867434046 9.078023407022108e-06 8400
1757867526698 8.817945383615085e-06 8600
1757867619319 8.557867360208063e-06 8800
1757867711976 8.29778933680104e-06 9000
1757867804574 8.03771131339402e-06 9200
1757867897000 7.777633289986996e-06 9400
1757867989752 7.5175552665799744e-06 9600
1757868082432 7.257477243172952e-06 9800
1757868174697 6.99739921976593e-06 10000
1757868267112 6.737321196358908e-06 10200
1757868359677 6.477243172951886e-06 10400
1757868451831 6.217165149544863e-06 10600
1757868544333 5.957087126137841e-06 10800
1757868637234 5.697009102730819e-06 11000
1757868729733 5.436931079323797e-06 11200
1757868821622 5.176853055916775e-06 11400
1757868913977 4.916775032509754e-06 11600
1757869006374 4.656697009102731e-06 11800
1757869098624 4.396618985695709e-06 12000
1757869191042 4.136540962288687e-06 12200
1757869283577 3.876462938881665e-06 12400
1757869375755 3.6163849154746428e-06 12600
1757869467794 3.3563068920676207e-06 12800
1757869563499 3.0962288686605987e-06 13000
1757869661663 2.836150845253576e-06 13200
1757869760356 2.576072821846554e-06 13400
1757869859168 2.315994798439532e-06 13600
1757869958324 2.05591677503251e-06 13800
1757870057067 1.7958387516254878e-06 14000
1757870155728 1.5357607282184655e-06 14200
1757870254219 1.2756827048114434e-06 14400
1757870353515 1.0156046814044214e-06 14600
1757870453678 7.555266579973992e-07 14800
1757870552680 4.954486345903772e-07 15000
1757870649907 2.3537061118335501e-07 15200
