1757862774642 0.618 200
1757862876314 0.5545 400
1757862978602 0.5356 600
1757863089558 0.5303 800
1757863194373 0.5243 1000
1757863298585 0.525 1200
1757863418677 0.5137 1400
1757863523207 0.5196 1600
1757863625816 0.5147 1800
1757863741342 0.5052 2000
1757863846537 0.5051 2200
1757863952639 0.5019 2400
1757864060632 0.5061 2600
1757864590253 0.5018 2800
1757864695641 0.4798 3000
1757864801381 0.4916 3200
1757864918799 0.4984 3400
1757865048407 0.4983 3600
1757865224908 0.4902 3800
1757865391532 0.4857 4000
1757865487840 0.4724 4200
1757865581637 0.4639 4400
1757865674178 0.4762 4600
1757865766647 0.4783 4800
1757865858948 0.4734 5000
1757865952321 0.4683 5200
1757866044468 0.4727 5400
1757866136555 0.477 5600
1757866229073 0.4635 5800
1757866321536 0.471 6000
1757866413977 0.4776 6200
1757866506810 0.4741 6400
1757866600433 0.475 6600
1757866692842 0.4699 6800
1757866785289 0.4711 7000
1757866877658 0.4609 7200
1757866969883 0.4595 7400
1757867062573 0.4773 7600
1757867156338 0.4423 7800
1757867249332 0.4497 8000
1757867341850 0.4413 8200
1757867434046 0.4399 8400
1757867526698 0.4328 8600
1757867619319 0.44 8800
1757867711976 0.4379 9000
1757867804574 0.4355 9200
1757867897000 0.4435 9400
1757867989752 0.4321 9600
1757868082432 0.4403 9800
1757868174697 0.4351 10000
1757868267112 0.4298 10200
1757868359677 0.4375 10400
1757868451831 0.4326 10600
1757868544333 0.431 10800
1757868637234 0.429 11000
1757868729733 0.4319 11200
1757868821622 0.433 11400
1757868913977 0.424 11600
1757869006374 0.3927 11800
1757869098624 0.4015 12000
1757869191042 0.394 12200
1757869283577 0.3944 12400
1757869375755 0.3912 12600
1757869467794 0.3906 12800
1757869563499 0.4014 13000
1757869661663 0.3847 13200
1757869760356 0.401 13400
1757869859168 0.3843 13600
1757869958324 0.3896 13800
1757870057067 0.394 14000
1757870155728 0.3829 14200
1757870254219 0.3888 14400
1757870353515 0.3908 14600
1757870453678 0.393 14800
1757870552680 0.3849 15000
1757870649907 0.3879 15200
