1759304183239 0.055020632737276476 200
1759304288706 0.11004126547455295 400
1759304393945 0.16506189821182943 600
1759304496992 0.2200825309491059 800
1759304599894 0.2751031636863824 1000
1759304701860 0.33012379642365886 1200
1759304803450 0.38514442916093533 1400
1759304904734 0.4401650618982118 1600
1759305005799 0.4951856946354883 1800
1759305107046 0.5502063273727648 2000
1759305207603 0.6052269601100413 2200
1759305308618 0.6602475928473177 2400
1759305411267 0.7152682255845942 2600
1759305512662 0.7702888583218707 2800
1759305613855 0.8253094910591472 3000
1759305714716 0.8803301237964236 3200
1759305816139 0.9353507565337001 3400
1759305917072 0.9903713892709766 3600
1759306055859 1.045392022008253 3800
1759306163447 1.1004126547455295 4000
1759306264480 1.155433287482806 4200
1759306365129 1.2104539202200826 4400
1759306468047 1.265474552957359 4600
1759306571173 1.3204951856946354 4800
1759306672682 1.375515818431912 5000
1759306774510 1.4305364511691885 5200
1759306876310 1.485557083906465 5400
1759306977565 1.5405777166437415 5600
1759307079072 1.5955983493810177 5800
1759307180512 1.6506189821182944 6000
1759307282369 1.7056396148555708 6200
1759307383647 1.7606602475928472 6400
1759307486915 1.8156808803301239 6600
1759307590254 1.8707015130674003 6800
1759307692224 1.9257221458046767 7000
1759307794461 1.9807427785419534 7200
1759307896156 2.0357634112792296 7400
1759307997564 2.090784044016506 7600
1759308098879 2.145804676753783 7800
1759308200410 2.200825309491059 8000
1759308301959 2.2558459422283357 8200
1759308403755 2.310866574965612 8400
1759308507246 2.3658872077028885 8600
1759308608854 2.420907840440165 8800
1759308710562 2.4759284731774414 9000
1759308812116 2.530949105914718 9200
1759308913481 2.5859697386519946 9400
1759309015194 2.640990371389271 9600
1759309116991 2.6960110041265475 9800
1759309218230 2.751031636863824 10000
1759309319711 2.8060522696011003 10200
1759309420808 2.861072902338377 10400
1759309522607 2.916093535075653 10600
1759309623818 2.97111416781293 10800
1759309727389 3.0261348005502064 11000
1759309828740 3.0811554332874826 11200
1759309930689 3.1361760660247593 11400
1759310032149 3.191196698762036 11600
1759310134442 3.246217331499312 11800
1759310237408 3.3012379642365888 12000
1759310339347 3.3562585969738654 12200
1759310441244 3.4112792297111416 12400
1759310543386 3.4662998624484183 12600
1759310645223 3.5213204951856945 12800
1759310747548 3.576341127922971 13000
1759310849242 3.6313617606602477 13200
1759310950931 3.686382393397524 13400
1759311053129 3.7414030261348006 13600
1759311154950 3.796423658872077 13800
1759311256586 3.8514442916093534 14000
1759311358368 3.90646492434663 14200
1759311460203 3.9614855570839067 14400
1759311533081 4.0 14540
1759311626394 4.0 14540
