1759304183239 12.282382011413574 200
1759304288706 13.14317798614502 400
1759304393945 6.3622307777404785 600
1759304496992 8.472747802734375 800
1759304599894 6.98071813583374 1000
1759304701860 6.398839473724365 1200
1759304803450 4.315491676330566 1400
1759304904734 9.250534057617188 1600
1759305005799 6.67331600189209 1800
1759305107046 12.872194290161133 2000
1759305207603 7.386692047119141 2200
1759305308618 3.366048574447632 2400
1759305411267 8.918594360351562 2600
1759305512662 3.603691816329956 2800
1759305613855 5.373966217041016 3000
1759305714716 9.900636672973633 3200
1759305816139 4.210833549499512 3400
1759305917072 5.850236415863037 3600
1759306055859 5.367650985717773 3800
1759306163447 5.847668647766113 4000
1759306264480 7.398928165435791 4200
1759306365129 6.935613632202148 4400
1759306468047 6.226992607116699 4600
1759306571173 6.366916179656982 4800
1759306672682 4.596076488494873 5000
1759306774510 4.986606597900391 5200
1759306876310 4.038533687591553 5400
1759306977565 3.824622869491577 5600
1759307079072 5.976421356201172 5800
1759307180512 6.00791597366333 6000
1759307282369 6.165928840637207 6200
1759307383647 7.530885219573975 6400
1759307486915 10.518559455871582 6600
1759307590254 5.0468058586120605 6800
1759307692224 5.0345306396484375 7000
1759307794461 8.959736824035645 7200
1759307896156 6.353428840637207 7400
1759307997564 10.362833023071289 7600
1759308098879 8.309579849243164 7800
1759308200410 8.74416446685791 8000
1759308301959 7.368326663970947 8200
1759308403755 11.68164348602295 8400
1759308507246 7.42225456237793 8600
1759308608854 8.806520462036133 8800
1759308710562 12.123876571655273 9000
1759308812116 20.61240005493164 9200
1759308913481 10.619221687316895 9400
1759309015194 15.707980155944824 9600
1759309116991 10.379240989685059 9800
1759309218230 9.658824920654297 10000
1759309319711 9.305458068847656 10200
1759309420808 11.306625366210938 10400
1759309522607 12.103822708129883 10600
1759309623818 11.649555206298828 10800
1759309727389 12.30875301361084 11000
1759309828740 16.991519927978516 11200
1759309930689 10.765548706054688 11400
1759310032149 21.529321670532227 11600
1759310134442 18.231176376342773 11800
1759310237408 13.217430114746094 12000
1759310339347 15.968095779418945 12200
1759310441244 12.874665260314941 12400
1759310543386 26.19981575012207 12600
1759310645223 15.91215991973877 12800
1759310747548 14.201637268066406 13000
1759310849242 25.584409713745117 13200
1759310950931 16.412670135498047 13400
1759311053129 12.316351890563965 13600
1759311154950 16.239973068237305 13800
1759311256586 18.772085189819336 14000
1759311358368 18.193944931030273 14200
1759311460203 20.02634048461914 14400
