1759304183239 1.972627235213205e-05 200
1759304288706 1.945116918844567e-05 400
1759304393945 1.9176066024759286e-05 600
1759304496992 1.8900962861072905e-05 800
1759304599894 1.862585969738652e-05 1000
1759304701860 1.835075653370014e-05 1200
1759304803450 1.8075653370013758e-05 1400
1759304904734 1.7800550206327373e-05 1600
1759305005799 1.7525447042640992e-05 1800
1759305107046 1.725034387895461e-05 2000
1759305207603 1.6975240715268227e-05 2200
1759305308618 1.6700137551581846e-05 2400
1759305411267 1.642503438789546e-05 2600
1759305512662 1.614993122420908e-05 2800
1759305613855 1.58748280605227e-05 3000
1759305714716 1.5599724896836314e-05 3200
1759305816139 1.5324621733149933e-05 3400
1759305917072 1.504951856946355e-05 3600
1759306055859 1.4774415405777167e-05 3800
1759306163447 1.4499312242090786e-05 4000
1759306264480 1.4224209078404403e-05 4200
1759306365129 1.3949105914718019e-05 4400
1759306468047 1.367400275103164e-05 4600
1759306571173 1.3398899587345255e-05 4800
1759306672682 1.3123796423658872e-05 5000
1759306774510 1.2848693259972491e-05 5200
1759306876310 1.2573590096286108e-05 5400
1759306977565 1.2298486932599727e-05 5600
1759307079072 1.2023383768913344e-05 5800
1759307180512 1.1748280605226961e-05 6000
1759307282369 1.147317744154058e-05 6200
1759307383647 1.1198074277854196e-05 6400
1759307486915 1.0922971114167813e-05 6600
1759307590254 1.0647867950481432e-05 6800
1759307692224 1.0372764786795049e-05 7000
1759307794461 1.0097661623108666e-05 7200
1759307896156 9.822558459422285e-06 7400
1759307997564 9.547455295735902e-06 7600
1759308098879 9.27235213204952e-06 7800
1759308200410 8.997248968363136e-06 8000
1759308301959 8.722145804676755e-06 8200
1759308403755 8.447042640990372e-06 8400
1759308507246 8.17193947730399e-06 8600
1759308608854 7.896836313617607e-06 8800
1759308710562 7.6217331499312256e-06 9000
1759308812116 7.346629986244842e-06 9200
1759308913481 7.07152682255846e-06 9400
1759309015194 6.796423658872078e-06 9600
1759309116991 6.521320495185696e-06 9800
1759309218230 6.246217331499312e-06 10000
1759309319711 5.97111416781293e-06 10200
1759309420808 5.696011004126548e-06 10400
1759309522607 5.420907840440166e-06 10600
1759309623818 5.145804676753783e-06 10800
1759309727389 4.870701513067401e-06 11000
1759309828740 4.595598349381018e-06 11200
1759309930689 4.320495185694636e-06 11400
1759310032149 4.045392022008253e-06 11600
1759310134442 3.770288858321871e-06 11800
1759310237408 3.4951856946354886e-06 12000
1759310339347 3.220082530949106e-06 12200
1759310441244 2.9449793672627238e-06 12400
1759310543386 2.6698762035763414e-06 12600
1759310645223 2.394773039889959e-06 12800
1759310747548 2.1196698762035765e-06 13000
1759310849242 1.844566712517194e-06 13200
1759310950931 1.5694635488308115e-06 13400
1759311053129 1.294360385144429e-06 13600
1759311154950 1.0192572214580467e-06 13800
1759311256586 7.441540577716644e-07 14000
1759311358368 4.690508940852821e-07 14200
1759311460203 1.9394773039889962e-07 14400
