1759304183239 0.6488 200
1759304288706 0.5661 400
1759304393945 0.5422 600
1759304496992 0.5271 800
1759304599894 0.5225 1000
1759304701860 0.5238 1200
1759304803450 0.5216 1400
1759304904734 0.5109 1600
1759305005799 0.5138 1800
1759305107046 0.5059 2000
1759305207603 0.5088 2200
1759305308618 0.5164 2400
1759305411267 0.5091 2600
1759305512662 0.5011 2800
1759305613855 0.506 3000
1759305714716 0.5034 3200
1759305816139 0.504 3400
1759305917072 0.4948 3600
1759306055859 0.479 3800
1759306163447 0.4692 4000
1759306264480 0.4704 4200
1759306365129 0.4684 4400
1759306468047 0.4687 4600
1759306571173 0.4678 4800
1759306672682 0.4704 5000
1759306774510 0.4709 5200
1759306876310 0.4668 5400
1759306977565 0.4732 5600
1759307079072 0.4683 5800
1759307180512 0.4667 6000
1759307282369 0.4689 6200
1759307383647 0.4726 6400
1759307486915 0.4718 6600
1759307590254 0.4736 6800
1759307692224 0.4628 7000
1759307794461 0.4696 7200
1759307896156 0.4387 7400
1759307997564 0.4219 7600
1759308098879 0.4279 7800
1759308200410 0.4194 8000
1759308301959 0.4205 8200
1759308403755 0.4224 8400
1759308507246 0.4213 8600
1759308608854 0.42 8800
1759308710562 0.424 9000
1759308812116 0.4329 9200
1759308913481 0.4271 9400
1759309015194 0.4167 9600
1759309116991 0.4187 9800
1759309218230 0.4166 10000
1759309319711 0.4229 10200
1759309420808 0.415 10400
1759309522607 0.4121 10600
1759309623818 0.4196 10800
1759309727389 0.392 11000
1759309828740 0.3629 11200
1759309930689 0.3601 11400
1759310032149 0.3618 11600
1759310134442 0.3615 11800
1759310237408 0.3522 12000
1759310339347 0.3609 12200
1759310441244 0.3522 12400
1759310543386 0.3667 12600
1759310645223 0.3611 12800
1759310747548 0.3548 13000
1759310849242 0.3498 13200
1759310950931 0.3536 13400
1759311053129 0.3569 13600
1759311154950 0.3523 13800
1759311256586 0.3488 14000
1759311358368 0.3477 14200
1759311460203 0.3458 14400
