1757779555012 0.051961548454143934 200
1757779646853 0.10392309690828787 400
1757779733011 0.1558846453624318 600
1757779817969 0.20784619381657574 800
1757779902726 0.2598077422707197 1000
1757779987655 0.3117692907248636 1200
1757780072644 0.36373083917900756 1400
1757780157525 0.41569238763315147 1600
1757780242221 0.4676539360872954 1800
1757780327146 0.5196154845414394 2000
1757780411981 0.5715770329955833 2200
1757780496887 0.6235385814497272 2400
1757780581593 0.6755001299038711 2600
1757780666418 0.7274616783580151 2800
1757780751321 0.779423226812159 3000
1757780836184 0.8313847752663029 3200
1757780920955 0.8833463237204469 3400
1757781005898 0.9353078721745908 3600
1757781090868 0.9872694206287347 3800
1757781214020 1.0392309690828787 4000
1757781302250 1.0911925175370225 4200
1757781388609 1.1431540659911665 4400
1757781477307 1.1951156144453106 4600
1757781565698 1.2470771628994544 4800
1757781651896 1.2990387113535984 5000
1757781738104 1.3510002598077422 5200
1757781824074 1.4029618082618862 5400
1757781910374 1.45492335671603 5600
1757781998571 1.506884905170174 5800
1757782084745 1.558846453624318 6000
1757782170810 1.6108080020784619 6200
1757782257042 1.6627695505326059 6400
1757782342951 1.71473109898675 6600
1757782429029 1.7666926474408937 6800
1757782515213 1.8186541958950375 7000
1757782601615 1.8706157443491818 7200
1757782687991 1.9225772928033256 7400
1757782774143 1.9745388412574694 7600
1757782862245 2.0265003897116136 7800
1757782948436 2.0784619381657574 8000
1757783034624 2.130423486619901 8200
1757783120917 2.182385035074045 8400
1757783207252 2.2343465835281893 8600
1757783293513 2.286308131982333 8800
1757783379932 2.338269680436477 9000
1757783466371 2.390231228890621 9200
1757783552531 2.442192777344765 9400
1757783638804 2.4941543257989087 9600
1757783724994 2.5461158742530525 9800
1757783810993 2.5980774227071968 10000
1757783897167 2.6500389711613406 10200
1757783983138 2.7020005196154844 10400
1757784069322 2.7539620680696286 10600
1757784155452 2.8059236165237724 10800
1757784243561 2.8578851649779162 11000
1757784329678 2.90984671343206 11200
1757784415768 2.9618082618862043 11400
1757784502029 3.013769810340348 11600
1757784588077 3.065731358794492 11800
1757784674113 3.117692907248636 12000
1757784760080 3.16965445570278 12200
1757784845932 3.2216160041569237 12400
1757784932007 3.273577552611068 12600
1757785017865 3.3255391010652118 12800
1757785103849 3.3775006495193556 13000
1757785189811 3.4294621979735 13200
1757785275757 3.4814237464276436 13400
1757785361614 3.5333852948817874 13600
1757785447579 3.5853468433359312 13800
1757785533647 3.6373083917900755 14000
1757785619516 3.6892699402442193 14200
1757785705457 3.741231488698363 14400
1757785791507 3.7931930371525073 14600
1757785877364 3.845154585606651 14800
1757785963180 3.897116134060795 15000
1757786049055 3.9490776825149387 15200
1757786133130 4.0 15396
1757786226104 4.0 15396
