1757779555012 17.899389266967773 200
1757779646853 33.464935302734375 400
1757779733011 11.859015464782715 600
1757779817969 5.757614612579346 800
1757779902726 24.290159225463867 1000
1757779987655 12.663948059082031 1200
1757780072644 9.243321418762207 1400
1757780157525 7.448803424835205 1600
1757780242221 10.374524116516113 1800
1757780327146 6.4076080322265625 2000
1757780411981 8.036968231201172 2200
1757780496887 8.750809669494629 2400
1757780581593 6.377176761627197 2600
1757780666418 10.961644172668457 2800
1757780751321 5.4869914054870605 3000
1757780836184 13.753533363342285 3200
1757780920955 18.087499618530273 3400
1757781005898 10.690696716308594 3600
1757781090868 5.195250034332275 3800
1757781214020 13.12734317779541 4000
1757781302250 9.398409843444824 4200
1757781388609 4.819611072540283 4400
1757781477307 9.905535697937012 4600
1757781565698 6.987685203552246 4800
1757781651896 7.756166934967041 5000
1757781738104 13.705636978149414 5200
1757781824074 11.187582969665527 5400
1757781910374 6.450484275817871 5600
1757781998571 7.1688008308410645 5800
1757782084745 19.929309844970703 6000
1757782170810 4.859766483306885 6200
1757782257042 13.719003677368164 6400
1757782342951 13.137702941894531 6600
1757782429029 15.309754371643066 6800
1757782515213 5.355103015899658 7000
1757782601615 7.149309158325195 7200
1757782687991 24.102310180664062 7400
1757782774143 8.297452926635742 7600
1757782862245 10.667344093322754 7800
1757782948436 7.662125587463379 8000
1757783034624 12.371366500854492 8200
1757783120917 31.29920768737793 8400
1757783207252 9.539496421813965 8600
1757783293513 8.581402778625488 8800
1757783379932 11.787787437438965 9000
1757783466371 12.90418529510498 9200
1757783552531 13.713093757629395 9400
1757783638804 19.2486515045166 9600
1757783724994 7.715653896331787 9800
1757783810993 17.37841796875 10000
1757783897167 8.789286613464355 10200
1757783983138 9.034192085266113 10400
1757784069322 13.738893508911133 10600
1757784155452 6.568715572357178 10800
1757784243561 7.1091814041137695 11000
1757784329678 14.161273002624512 11200
1757784415768 20.132553100585938 11400
1757784502029 9.449836730957031 11600
1757784588077 16.563091278076172 11800
1757784674113 10.243785858154297 12000
1757784760080 19.6204833984375 12200
1757784845932 16.935834884643555 12400
1757784932007 16.394189834594727 12600
1757785017865 20.216373443603516 12800
1757785103849 6.191155910491943 13000
1757785189811 13.999102592468262 13200
1757785275757 25.30433464050293 13400
1757785361614 8.654180526733398 13600
1757785447579 2.47171950340271 13800
1757785533647 17.024089813232422 14000
1757785619516 21.74541473388672 14200
1757785705457 15.745380401611328 14400
1757785791507 6.23011589050293 14600
1757785877364 45.309513092041016 14800
1757785963180 14.889992713928223 15000
1757786049055 9.886801719665527 15200
