1757779555012 1.9741491296440636e-05 200
1757779646853 1.9481683554169917e-05 400
1757779733011 1.9221875811899194e-05 600
1757779817969 1.8962068069628475e-05 800
1757779902726 1.870226032735776e-05 1000
1757779987655 1.8442452585087036e-05 1200
1757780072644 1.8182644842816317e-05 1400
1757780157525 1.7922837100545598e-05 1600
1757780242221 1.766302935827488e-05 1800
1757780327146 1.740322161600416e-05 2000
1757780411981 1.714341387373344e-05 2200
1757780496887 1.688360613146272e-05 2400
1757780581593 1.6623798389191998e-05 2600
1757780666418 1.636399064692128e-05 2800
1757780751321 1.610418290465056e-05 3000
1757780836184 1.584437516237984e-05 3200
1757780920955 1.558456742010912e-05 3400
1757781005898 1.53247596778384e-05 3600
1757781090868 1.5064951935567682e-05 3800
1757781214020 1.4805144193296961e-05 4000
1757781302250 1.4545336451026242e-05 4200
1757781388609 1.4285528708755522e-05 4400
1757781477307 1.4025720966484801e-05 4600
1757781565698 1.3765913224214082e-05 4800
1757781651896 1.3506105481943363e-05 5000
1757781738104 1.3246297739672645e-05 5200
1757781824074 1.2986489997401922e-05 5400
1757781910374 1.2726682255131205e-05 5600
1757781998571 1.2466874512860485e-05 5800
1757782084745 1.2207066770589764e-05 6000
1757782170810 1.1947259028319045e-05 6200
1757782257042 1.1687451286048326e-05 6400
1757782342951 1.1427643543777605e-05 6600
1757782429029 1.1167835801506885e-05 6800
1757782515213 1.0908028059236166e-05 7000
1757782601615 1.0648220316965447e-05 7200
1757782687991 1.0388412574694726e-05 7400
1757782774143 1.0128604832424007e-05 7600
1757782862245 9.868797090153287e-06 7800
1757782948436 9.608989347882568e-06 8000
1757783034624 9.349181605611849e-06 8200
1757783120917 9.08937386334113e-06 8400
1757783207252 8.829566121070408e-06 8600
1757783293513 8.569758378799689e-06 8800
1757783379932 8.30995063652897e-06 9000
1757783466371 8.050142894258249e-06 9200
1757783552531 7.790335151987531e-06 9400
1757783638804 7.53052740971681e-06 9600
1757783724994 7.27071966744609e-06 9800
1757783810993 7.010911925175371e-06 10000
1757783897167 6.751104182904651e-06 10200
1757783983138 6.491296440633932e-06 10400
1757784069322 6.231488698363212e-06 10600
1757784155452 5.971680956092492e-06 10800
1757784243561 5.711873213821772e-06 11000
1757784329678 5.452065471551052e-06 11200
1757784415768 5.192257729280334e-06 11400
1757784502029 4.9324499870096136e-06 11600
1757784588077 4.672642244738893e-06 11800
1757784674113 4.412834502468174e-06 12000
1757784760080 4.153026760197455e-06 12200
1757784845932 3.893219017926735e-06 12400
1757784932007 3.633411275656015e-06 12600
1757785017865 3.373603533385295e-06 12800
1757785103849 3.1137957911145754e-06 13000
1757785189811 2.853988048843856e-06 13200
1757785275757 2.5941803065731364e-06 13400
1757785361614 2.3343725643024166e-06 13600
1757785447579 2.0745648220316965e-06 13800
1757785533647 1.814757079760977e-06 14000
1757785619516 1.5549493374902574e-06 14200
1757785705457 1.2951415952195375e-06 14400
1757785791507 1.035333852948818e-06 14600
1757785877364 7.755261106780982e-07 14800
1757785963180 5.157183684073786e-07 15000
1757786049055 2.559106261366589e-07 15200
