1757779555012 0.4765 200
1757779646853 0.3762 400
1757779733011 0.3681 600
1757779817969 0.337 800
1757779902726 0.3235 1000
1757779987655 0.3313 1200
1757780072644 0.3423 1400
1757780157525 0.3275 1600
1757780242221 0.3188 1800
1757780327146 0.3035 2000
1757780411981 0.3098 2200
1757780496887 0.3111 2400
1757780581593 0.298 2600
1757780666418 0.3002 2800
1757780751321 0.3015 3000
1757780836184 0.2971 3200
1757780920955 0.3016 3400
1757781005898 0.3039 3600
1757781090868 0.2863 3800
1757781214020 0.275 4000
1757781302250 0.2571 4200
1757781388609 0.2788 4400
1757781477307 0.2623 4600
1757781565698 0.2655 4800
1757781651896 0.2722 5000
1757781738104 0.2752 5200
1757781824074 0.2715 5400
1757781910374 0.2668 5600
1757781998571 0.2632 5800
1757782084745 0.2548 6000
1757782170810 0.2675 6200
1757782257042 0.269 6400
1757782342951 0.2542 6600
1757782429029 0.2619 6800
1757782515213 0.2491 7000
1757782601615 0.2559 7200
1757782687991 0.264 7400
1757782774143 0.2548 7600
1757782862245 0.235 7800
1757782948436 0.2128 8000
1757783034624 0.2184 8200
1757783120917 0.2133 8400
1757783207252 0.2128 8600
1757783293513 0.2012 8800
1757783379932 0.2199 9000
1757783466371 0.2109 9200
1757783552531 0.2217 9400
1757783638804 0.2097 9600
1757783724994 0.218 9800
1757783810993 0.203 10000
1757783897167 0.22 10200
1757783983138 0.2049 10400
1757784069322 0.2222 10600
1757784155452 0.2152 10800
1757784243561 0.2114 11000
1757784329678 0.2292 11200
1757784415768 0.2111 11400
1757784502029 0.195 11600
1757784588077 0.1526 11800
1757784674113 0.1539 12000
1757784760080 0.1509 12200
1757784845932 0.1559 12400
1757784932007 0.1568 12600
1757785017865 0.1514 12800
1757785103849 0.1495 13000
1757785189811 0.1677 13200
1757785275757 0.1491 13400
1757785361614 0.1417 13600
1757785447579 0.1565 13800
1757785533647 0.1532 14000
1757785619516 0.1512 14200
1757785705457 0.1507 14400
1757785791507 0.142 14600
1757785877364 0.1601 14800
1757785963180 0.1578 15000
1757786049055 0.1384 15200
