1757843457719 0.05201560468140442 200
1757843549270 0.10403120936280884 400
1757843642270 0.15604681404421328 600
1757843735284 0.20806241872561768 800
1757843826763 0.26007802340702213 1000
1757843918642 0.31209362808842656 1200
1757844010680 0.3641092327698309 1400
1757844104019 0.41612483745123535 1600
1757844195867 0.4681404421326398 1800
1757844287952 0.5201560468140443 2000
1757844380883 0.5721716514954487 2200
1757844472552 0.6241872561768531 2400
1757844564366 0.6762028608582574 2600
1757844655745 0.7282184655396619 2800
1757844747559 0.7802340702210663 3000
1757844839321 0.8322496749024707 3200
1757844931015 0.8842652795838751 3400
1757845022912 0.9362808842652796 3600
1757845114591 0.988296488946684 3800
1757845222048 1.0403120936280885 4000
1757845315319 1.092327698309493 4200
1757845408806 1.1443433029908974 4400
1757845500500 1.1963589076723018 4600
1757845592729 1.2483745123537062 4800
1757845684601 1.3003901170351106 5000
1757845777780 1.352405721716515 5200
1757845869664 1.4044213263979195 5400
1757845961669 1.456436931079324 5600
1757846054847 1.5084525357607284 5800
1757846148989 1.5604681404421328 6000
1757846243298 1.6124837451235372 6200
1757846338338 1.6644993498049416 6400
1757846434516 1.716514954486346 6600
1757846529415 1.7685305591677505 6800
1757846624496 1.820546163849155 7000
1757846719597 1.8725617685305593 7200
1757846814574 1.9245773732119635 7400
1757846910082 1.976592977893368 7600
1757847007063 2.0286085825747726 7800
1757847102457 2.080624187256177 8000
1757847197779 2.1326397919375815 8200
1757847292614 2.184655396618986 8400
1757847388186 2.2366710013003903 8600
1757847483728 2.2886866059817947 8800
1757847578996 2.340702210663199 9000
1757847674308 2.3927178153446036 9200
1757847769829 2.444733420026008 9400
1757847865525 2.4967490247074124 9600
1757847961049 2.548764629388817 9800
1757848056138 2.6007802340702213 10000
1757848151467 2.6527958387516257 10200
1757848246913 2.70481144343303 10400
1757848342084 2.7568270481144346 10600
1757848437656 2.808842652795839 10800
1757848533430 2.8608582574772434 11000
1757848629075 2.912873862158648 11200
1757848724227 2.9648894668400523 11400
1757848819663 3.0169050715214563 11600
1757848915190 3.0689206762028607 11800
1757849010544 3.120936280884265 12000
1757849105989 3.1729518855656695 12200
1757849201675 3.224967490247074 12400
1757849297428 3.2769830949284784 12600
1757849392809 3.328998699609883 12800
1757849488219 3.3810143042912872 13000
1757849584688 3.4330299089726917 13200
1757849680844 3.485045513654096 13400
1757849776635 3.5370611183355005 13600
1757849873692 3.589076723016905 13800
1757849969800 3.6410923276983094 14000
1757850065763 3.693107932379714 14200
1757850161190 3.7451235370611182 14400
1757850256889 3.7971391417425226 14600
1757850354280 3.849154746423927 14800
1757850450170 3.9011703511053315 15000
1757850546167 3.953185955786736 15200
1757850632510 4.0 15380
1757850742299 4.0 15380
