1757843457719 10.170775413513184 200
1757843549270 19.85226821899414 400
1757843642270 10.328226089477539 600
1757843735284 9.12535572052002 800
1757843826763 6.451914310455322 1000
1757843918642 9.196702003479004 1200
1757844010680 13.479604721069336 1400
1757844104019 7.848360538482666 1600
1757844195867 14.541524887084961 1800
1757844287952 10.181180953979492 2000
1757844380883 14.312026023864746 2200
1757844472552 6.100861549377441 2400
1757844564366 14.052462577819824 2600
1757844655745 6.458613872528076 2800
1757844747559 6.592286109924316 3000
1757844839321 7.051418781280518 3200
1757844931015 11.554186820983887 3400
1757845022912 5.440788745880127 3600
1757845114591 7.239736080169678 3800
1757845222048 21.106952667236328 4000
1757845315319 5.54167366027832 4200
1757845408806 7.747372627258301 4400
1757845500500 7.43478536605835 4600
1757845592729 12.523612976074219 4800
1757845684601 8.868622779846191 5000
1757845777780 9.038548469543457 5200
1757845869664 6.0244340896606445 5400
1757845961669 8.185789108276367 5600
1757846054847 32.051753997802734 5800
1757846148989 5.454609394073486 6000
1757846243298 7.495213031768799 6200
1757846338338 9.404431343078613 6400
1757846434516 6.604482650756836 6600
1757846529415 10.699014663696289 6800
1757846624496 8.61557674407959 7000
1757846719597 8.044391632080078 7200
1757846814574 8.608195304870605 7400
1757846910082 13.274535179138184 7600
1757847007063 7.309253692626953 7800
1757847102457 9.101849555969238 8000
1757847197779 10.575607299804688 8200
1757847292614 16.149709701538086 8400
1757847388186 18.415170669555664 8600
1757847483728 7.675590991973877 8800
1757847578996 7.074610233306885 9000
1757847674308 16.849489212036133 9200
1757847769829 12.54539966583252 9400
1757847865525 24.833866119384766 9600
1757847961049 14.2401123046875 9800
1757848056138 11.26556396484375 10000
1757848151467 12.462389945983887 10200
1757848246913 21.938608169555664 10400
1757848342084 7.853196144104004 10600
1757848437656 13.39423942565918 10800
1757848533430 9.647432327270508 11000
1757848629075 10.490132331848145 11200
1757848724227 9.319062232971191 11400
1757848819663 14.773890495300293 11600
1757848915190 5.450719833374023 11800
1757849010544 10.612217903137207 12000
1757849105989 22.06716537475586 12200
1757849201675 14.493511199951172 12400
1757849297428 9.254514694213867 12600
1757849392809 10.129987716674805 12800
1757849488219 11.98051643371582 13000
1757849584688 19.793819427490234 13200
1757849680844 9.77101993560791 13400
1757849776635 5.671990871429443 13600
1757849873692 12.905048370361328 13800
1757849969800 24.356266021728516 14000
1757850065763 14.203567504882812 14200
1757850161190 15.625626564025879 14400
1757850256889 15.078369140625 14600
1757850354280 16.95531463623047 14800
1757850450170 28.953645706176758 15000
1757850546167 9.199019432067871 15200
