1757843457719 1.9741222366710016e-05 200
1757843549270 1.9481144343302995e-05 400
1757843642270 1.922106631989597e-05 600
1757843735284 1.896098829648895e-05 800
1757843826763 1.8700910273081928e-05 1000
1757843918642 1.8440832249674903e-05 1200
1757844010680 1.8180754226267882e-05 1400
1757844104019 1.792067620286086e-05 1600
1757844195867 1.766059817945384e-05 1800
1757844287952 1.7400520156046815e-05 2000
1757844380883 1.7140442132639794e-05 2200
1757844472552 1.6880364109232773e-05 2400
1757844564366 1.662028608582575e-05 2600
1757844655745 1.6360208062418727e-05 2800
1757844747559 1.6100130039011706e-05 3000
1757844839321 1.5840052015604684e-05 3200
1757844931015 1.557997399219766e-05 3400
1757845022912 1.531989596879064e-05 3600
1757845114591 1.5059817945383617e-05 3800
1757845222048 1.4799739921976594e-05 4000
1757845315319 1.4539661898569573e-05 4200
1757845408806 1.427958387516255e-05 4400
1757845500500 1.4019505851755527e-05 4600
1757845592729 1.3759427828348506e-05 4800
1757845684601 1.3499349804941483e-05 5000
1757845777780 1.3239271781534462e-05 5200
1757845869664 1.297919375812744e-05 5400
1757845961669 1.2719115734720418e-05 5600
1757846054847 1.2459037711313395e-05 5800
1757846148989 1.2198959687906374e-05 6000
1757846243298 1.1938881664499351e-05 6200
1757846338338 1.1678803641092328e-05 6400
1757846434516 1.1418725617685307e-05 6600
1757846529415 1.1158647594278284e-05 6800
1757846624496 1.0898569570871263e-05 7000
1757846719597 1.063849154746424e-05 7200
1757846814574 1.0378413524057219e-05 7400
1757846910082 1.0118335500650196e-05 7600
1757847007063 9.858257477243175e-06 7800
1757847102457 9.598179453836152e-06 8000
1757847197779 9.338101430429129e-06 8200
1757847292614 9.078023407022108e-06 8400
1757847388186 8.817945383615085e-06 8600
1757847483728 8.557867360208063e-06 8800
1757847578996 8.29778933680104e-06 9000
1757847674308 8.03771131339402e-06 9200
1757847769829 7.777633289986996e-06 9400
1757847865525 7.5175552665799744e-06 9600
1757847961049 7.257477243172952e-06 9800
1757848056138 6.99739921976593e-06 10000
1757848151467 6.737321196358908e-06 10200
1757848246913 6.477243172951886e-06 10400
1757848342084 6.217165149544863e-06 10600
1757848437656 5.957087126137841e-06 10800
1757848533430 5.697009102730819e-06 11000
1757848629075 5.436931079323797e-06 11200
1757848724227 5.176853055916775e-06 11400
1757848819663 4.916775032509754e-06 11600
1757848915190 4.656697009102731e-06 11800
1757849010544 4.396618985695709e-06 12000
1757849105989 4.136540962288687e-06 12200
1757849201675 3.876462938881665e-06 12400
1757849297428 3.6163849154746428e-06 12600
1757849392809 3.3563068920676207e-06 12800
1757849488219 3.0962288686605987e-06 13000
1757849584688 2.836150845253576e-06 13200
1757849680844 2.576072821846554e-06 13400
1757849776635 2.315994798439532e-06 13600
1757849873692 2.05591677503251e-06 13800
1757849969800 1.7958387516254878e-06 14000
1757850065763 1.5357607282184655e-06 14200
1757850161190 1.2756827048114434e-06 14400
1757850256889 1.0156046814044214e-06 14600
1757850354280 7.555266579973992e-07 14800
1757850450170 4.954486345903772e-07 15000
1757850546167 2.3537061118335501e-07 15200
