1757843457719 0.4707 200
1757843549270 0.3803 400
1757843642270 0.3467 600
1757843735284 0.3474 800
1757843826763 0.338 1000
1757843918642 0.33 1200
1757844010680 0.318 1400
1757844104019 0.3232 1600
1757844195867 0.3223 1800
1757844287952 0.2998 2000
1757844380883 0.3059 2200
1757844472552 0.303 2400
1757844564366 0.3115 2600
1757844655745 0.3096 2800
1757844747559 0.2837 3000
1757844839321 0.2969 3200
1757844931015 0.3053 3400
1757845022912 0.2998 3600
1757845114591 0.2897 3800
1757845222048 0.2844 4000
1757845315319 0.265 4200
1757845408806 0.2511 4400
1757845500500 0.2706 4600
1757845592729 0.2743 4800
1757845684601 0.2682 5000
1757845777780 0.2597 5200
1757845869664 0.2732 5400
1757845961669 0.2729 5600
1757846054847 0.2595 5800
1757846148989 0.2607 6000
1757846243298 0.2715 6200
1757846338338 0.2715 6400
1757846434516 0.2749 6600
1757846529415 0.2604 6800
1757846624496 0.2664 7000
1757846719597 0.2553 7200
1757846814574 0.2463 7400
1757846910082 0.266 7600
1757847007063 0.2295 7800
1757847102457 0.2366 8000
1757847197779 0.2229 8200
1757847292614 0.2197 8400
1757847388186 0.2047 8600
1757847483728 0.2213 8800
1757847578996 0.2132 9000
1757847674308 0.2111 9200
1757847769829 0.2252 9400
1757847865525 0.2104 9600
1757847961049 0.2233 9800
1757848056138 0.2127 10000
1757848151467 0.2031 10200
1757848246913 0.2235 10400
1757848342084 0.2125 10600
1757848437656 0.2079 10800
1757848533430 0.2083 11000
1757848629075 0.2059 11200
1757848724227 0.2111 11400
1757848819663 0.1937 11600
1757848915190 0.1566 11800
1757849010544 0.1648 12000
1757849105989 0.1554 12200
1757849201675 0.156 12400
1757849297428 0.1484 12600
1757849392809 0.1459 12800
1757849488219 0.1555 13000
1757849584688 0.1367 13200
1757849680844 0.166 13400
1757849776635 0.144 13600
1757849873692 0.1457 13800
1757849969800 0.1582 14000
1757850065763 0.1341 14200
1757850161190 0.1517 14400
1757850256889 0.1473 14600
1757850354280 0.1507 14800
1757850450170 0.1449 15000
1757850546167 0.1541 15200
