1760108094654 0.055020632737276476 200
1760108187161 0.11004126547455295 400
1760108279288 0.16506189821182943 600
1760108370251 0.2200825309491059 800
1760108461069 0.2751031636863824 1000
1760108551485 0.33012379642365886 1200
1760108642571 0.38514442916093533 1400
1760108733350 0.4401650618982118 1600
1760108824489 0.4951856946354883 1800
1760108915543 0.5502063273727648 2000
1760109006562 0.6052269601100413 2200
1760109097344 0.6602475928473177 2400
1760109188176 0.7152682255845942 2600
1760109279290 0.7702888583218707 2800
1760109370239 0.8253094910591472 3000
1760109461253 0.8803301237964236 3200
1760109552296 0.9353507565337001 3400
1760109643201 0.9903713892709766 3600
1760109787245 1.045392022008253 3800
1760109888383 1.1004126547455295 4000
1760109989549 1.155433287482806 4200
1760110092637 1.2104539202200826 4400
1760110191719 1.265474552957359 4600
1760110290577 1.3204951856946354 4800
1760110389348 1.375515818431912 5000
1760110488613 1.4305364511691885 5200
1760110587388 1.485557083906465 5400
1760110686561 1.5405777166437415 5600
1760110785501 1.5955983493810177 5800
1760110884643 1.6506189821182944 6000
1760110983584 1.7056396148555708 6200
1760111082896 1.7606602475928472 6400
1760111182220 1.8156808803301239 6600
1760111281283 1.8707015130674003 6800
1760111380136 1.9257221458046767 7000
1760111479040 1.9807427785419534 7200
1760111578013 2.0357634112792296 7400
1760111676943 2.090784044016506 7600
1760111775575 2.145804676753783 7800
1760111874326 2.200825309491059 8000
1760111973008 2.2558459422283357 8200
1760112072057 2.310866574965612 8400
1760112171442 2.3658872077028885 8600
1760112270757 2.420907840440165 8800
1760112369275 2.4759284731774414 9000
1760112468322 2.530949105914718 9200
1760112567006 2.5859697386519946 9400
1760112665940 2.640990371389271 9600
1760112767018 2.6960110041265475 9800
1760112865895 2.751031636863824 10000
1760112964889 2.8060522696011003 10200
1760113065310 2.861072902338377 10400
1760113164498 2.916093535075653 10600
1760113264165 2.97111416781293 10800
1760113364895 3.0261348005502064 11000
1760113464183 3.0811554332874826 11200
1760113563833 3.1361760660247593 11400
1760113663470 3.191196698762036 11600
1760113763291 3.246217331499312 11800
1760113862923 3.3012379642365888 12000
1760113961574 3.3562585969738654 12200
1760114062393 3.4112792297111416 12400
1760114161767 3.4662998624484183 12600
1760114260445 3.5213204951856945 12800
1760114358857 3.576341127922971 13000
1760114457824 3.6313617606602477 13200
1760114556882 3.686382393397524 13400
1760114655529 3.7414030261348006 13600
1760114754379 3.796423658872077 13800
1760114853352 3.8514442916093534 14000
1760114952328 3.90646492434663 14200
1760115051546 3.9614855570839067 14400
1760115120203 4.0 14540
