1760108094654 17.391429901123047 200
1760108187161 5.686458587646484 400
1760108279288 71.10906219482422 600
1760108370251 7.602792739868164 800
1760108461069 11.219624519348145 1000
1760108551485 8.68053913116455 1200
1760108642571 4.156879901885986 1400
1760108733350 9.562459945678711 1600
1760108824489 4.968522548675537 1800
1760108915543 5.496392726898193 2000
1760109006562 4.983028888702393 2200
1760109097344 5.4940571784973145 2400
1760109188176 4.8763251304626465 2600
1760109279290 4.937988758087158 2800
1760109370239 4.782759189605713 3000
1760109461253 5.58896017074585 3200
1760109552296 4.9139204025268555 3400
1760109643201 4.700341701507568 3600
1760109787245 5.934770107269287 3800
1760109888383 5.542751312255859 4000
1760109989549 6.538274765014648 4200
1760110092637 3.939995765686035 4400
1760110191719 5.8610663414001465 4600
1760110290577 7.270915508270264 4800
1760110389348 4.3988471031188965 5000
1760110488613 5.571475505828857 5200
1760110587388 5.190975666046143 5400
1760110686561 6.394598007202148 5600
1760110785501 5.463468074798584 5800
1760110884643 5.017612934112549 6000
1760110983584 6.529600620269775 6200
1760111082896 4.5943803787231445 6400
1760111182220 8.3827543258667 6600
1760111281283 6.721965789794922 6800
1760111380136 9.255966186523438 7000
1760111479040 6.087294578552246 7200
1760111578013 5.5572004318237305 7400
1760111676943 7.899707794189453 7600
1760111775575 7.696327209472656 7800
1760111874326 6.281496047973633 8000
1760111973008 6.129159927368164 8200
1760112072057 8.946179389953613 8400
1760112171442 7.662784576416016 8600
1760112270757 12.2440767288208 8800
1760112369275 8.987045288085938 9000
1760112468322 9.91580867767334 9200
1760112567006 8.62181568145752 9400
1760112665940 11.712203025817871 9600
1760112767018 9.314910888671875 9800
1760112865895 13.751803398132324 10000
1760112964889 9.477384567260742 10200
1760113065310 8.085123062133789 10400
1760113164498 5.346839427947998 10600
1760113264165 10.351653099060059 10800
1760113364895 7.994013786315918 11000
1760113464183 13.211417198181152 11200
1760113563833 9.799139022827148 11400
1760113663470 10.910853385925293 11600
1760113763291 14.352962493896484 11800
1760113862923 15.295063972473145 12000
1760113961574 13.680150032043457 12200
1760114062393 12.79721736907959 12400
1760114161767 15.745368957519531 12600
1760114260445 14.774225234985352 12800
1760114358857 20.611417770385742 13000
1760114457824 14.963326454162598 13200
1760114556882 14.148018836975098 13400
1760114655529 15.264521598815918 13600
1760114754379 14.508112907409668 13800
1760114853352 11.141460418701172 14000
1760114952328 19.947511672973633 14200
1760115051546 15.463659286499023 14400
