1760108094654 1.972627235213205e-05 200
1760108187161 1.945116918844567e-05 400
1760108279288 1.9176066024759286e-05 600
1760108370251 1.8900962861072905e-05 800
1760108461069 1.862585969738652e-05 1000
1760108551485 1.835075653370014e-05 1200
1760108642571 1.8075653370013758e-05 1400
1760108733350 1.7800550206327373e-05 1600
1760108824489 1.7525447042640992e-05 1800
1760108915543 1.725034387895461e-05 2000
1760109006562 1.6975240715268227e-05 2200
1760109097344 1.6700137551581846e-05 2400
1760109188176 1.642503438789546e-05 2600
1760109279290 1.614993122420908e-05 2800
1760109370239 1.58748280605227e-05 3000
1760109461253 1.5599724896836314e-05 3200
1760109552296 1.5324621733149933e-05 3400
1760109643201 1.504951856946355e-05 3600
1760109787245 1.4774415405777167e-05 3800
1760109888383 1.4499312242090786e-05 4000
1760109989549 1.4224209078404403e-05 4200
1760110092637 1.3949105914718019e-05 4400
1760110191719 1.367400275103164e-05 4600
1760110290577 1.3398899587345255e-05 4800
1760110389348 1.3123796423658872e-05 5000
1760110488613 1.2848693259972491e-05 5200
1760110587388 1.2573590096286108e-05 5400
1760110686561 1.2298486932599727e-05 5600
1760110785501 1.2023383768913344e-05 5800
1760110884643 1.1748280605226961e-05 6000
1760110983584 1.147317744154058e-05 6200
1760111082896 1.1198074277854196e-05 6400
1760111182220 1.0922971114167813e-05 6600
1760111281283 1.0647867950481432e-05 6800
1760111380136 1.0372764786795049e-05 7000
1760111479040 1.0097661623108666e-05 7200
1760111578013 9.822558459422285e-06 7400
1760111676943 9.547455295735902e-06 7600
1760111775575 9.27235213204952e-06 7800
1760111874326 8.997248968363136e-06 8000
1760111973008 8.722145804676755e-06 8200
1760112072057 8.447042640990372e-06 8400
1760112171442 8.17193947730399e-06 8600
1760112270757 7.896836313617607e-06 8800
1760112369275 7.6217331499312256e-06 9000
1760112468322 7.346629986244842e-06 9200
1760112567006 7.07152682255846e-06 9400
1760112665940 6.796423658872078e-06 9600
1760112767018 6.521320495185696e-06 9800
1760112865895 6.246217331499312e-06 10000
1760112964889 5.97111416781293e-06 10200
1760113065310 5.696011004126548e-06 10400
1760113164498 5.420907840440166e-06 10600
1760113264165 5.145804676753783e-06 10800
1760113364895 4.870701513067401e-06 11000
1760113464183 4.595598349381018e-06 11200
1760113563833 4.320495185694636e-06 11400
1760113663470 4.045392022008253e-06 11600
1760113763291 3.770288858321871e-06 11800
1760113862923 3.4951856946354886e-06 12000
1760113961574 3.220082530949106e-06 12200
1760114062393 2.9449793672627238e-06 12400
1760114161767 2.6698762035763414e-06 12600
1760114260445 2.394773039889959e-06 12800
1760114358857 2.1196698762035765e-06 13000
1760114457824 1.844566712517194e-06 13200
1760114556882 1.5694635488308115e-06 13400
1760114655529 1.294360385144429e-06 13600
1760114754379 1.0192572214580467e-06 13800
1760114853352 7.441540577716644e-07 14000
1760114952328 4.690508940852821e-07 14200
1760115051546 1.9394773039889962e-07 14400
