1760108094654 0.6831 200
1760108187161 0.5616 400
1760108279288 0.5516 600
1760108370251 0.5405 800
1760108461069 0.5341 1000
1760108551485 0.5255 1200
1760108642571 0.5185 1400
1760108733350 0.5188 1600
1760108824489 0.5162 1800
1760108915543 0.5115 2000
1760109006562 0.5225 2200
1760109097344 0.5185 2400
1760109188176 0.5129 2600
1760109279290 0.5089 2800
1760109370239 0.5026 3000
1760109461253 0.5034 3200
1760109552296 0.507 3400
1760109643201 0.4938 3600
1760109787245 0.479 3800
1760109888383 0.4735 4000
1760109989549 0.4695 4200
1760110092637 0.4742 4400
1760110191719 0.4706 4600
1760110290577 0.4731 4800
1760110389348 0.4707 5000
1760110488613 0.4727 5200
1760110587388 0.4757 5400
1760110686561 0.4742 5600
1760110785501 0.47 5800
1760110884643 0.4764 6000
1760110983584 0.4722 6200
1760111082896 0.4686 6400
1760111182220 0.4689 6600
1760111281283 0.4774 6800
1760111380136 0.4729 7000
1760111479040 0.4645 7200
1760111578013 0.4464 7400
1760111676943 0.4296 7600
1760111775575 0.4234 7800
1760111874326 0.4349 8000
1760111973008 0.4164 8200
1760112072057 0.4258 8400
1760112171442 0.4279 8600
1760112270757 0.4193 8800
1760112369275 0.4244 9000
1760112468322 0.4173 9200
1760112567006 0.419 9400
1760112665940 0.4241 9600
1760112767018 0.4161 9800
1760112865895 0.422 10000
1760112964889 0.4152 10200
1760113065310 0.4193 10400
1760113164498 0.4234 10600
1760113264165 0.421 10800
1760113364895 0.3845 11000
1760113464183 0.3561 11200
1760113563833 0.3689 11400
1760113663470 0.366 11600
1760113763291 0.3514 11800
1760113862923 0.3516 12000
1760113961574 0.3579 12200
1760114062393 0.3547 12400
1760114161767 0.36 12600
1760114260445 0.353 12800
1760114358857 0.3503 13000
1760114457824 0.3445 13200
1760114556882 0.358 13400
1760114655529 0.3532 13600
1760114754379 0.3555 13800
1760114853352 0.3466 14000
1760114952328 0.3479 14200
1760115051546 0.344 14400
