1757789932648 0.05201560468140442 200
1757790017853 0.10403120936280884 400
1757790104308 0.15604681404421328 600
1757790190620 0.20806241872561768 800
1757790275317 0.26007802340702213 1000
1757790360612 0.31209362808842656 1200
1757790445473 0.3641092327698309 1400
1757790531715 0.41612483745123535 1600
1757790616965 0.4681404421326398 1800
1757790701731 0.5201560468140443 2000
1757790786594 0.5721716514954487 2200
1757790871467 0.6241872561768531 2400
1757790956350 0.6762028608582574 2600
1757791041023 0.7282184655396619 2800
1757791125734 0.7802340702210663 3000
1757791210505 0.8322496749024707 3200
1757791295152 0.8842652795838751 3400
1757791379929 0.9362808842652796 3600
1757791464579 0.988296488946684 3800
1757791590208 1.0403120936280885 4000
1757791677496 1.092327698309493 4200
1757791764867 1.1443433029908974 4400
1757791850120 1.1963589076723018 4600
1757791935369 1.2483745123537062 4800
1757792020398 1.3003901170351106 5000
1757792107299 1.352405721716515 5200
1757792192296 1.4044213263979195 5400
1757792277451 1.456436931079324 5600
1757792362745 1.5084525357607284 5800
1757792448097 1.5604681404421328 6000
1757792533245 1.6124837451235372 6200
1757792618552 1.6644993498049416 6400
1757792705622 1.716514954486346 6600
1757792790932 1.7685305591677505 6800
1757792876236 1.820546163849155 7000
1757792961542 1.8725617685305593 7200
1757793046869 1.9245773732119635 7400
1757793132232 1.976592977893368 7600
1757793219238 2.0286085825747726 7800
1757793304639 2.080624187256177 8000
1757793389933 2.1326397919375815 8200
1757793475048 2.184655396618986 8400
1757793560288 2.2366710013003903 8600
1757793645474 2.2886866059817947 8800
1757793730653 2.340702210663199 9000
1757793815683 2.3927178153446036 9200
1757793900973 2.444733420026008 9400
1757793986408 2.4967490247074124 9600
1757794071588 2.548764629388817 9800
1757794156644 2.6007802340702213 10000
1757794241724 2.6527958387516257 10200
1757794327035 2.70481144343303 10400
1757794412052 2.7568270481144346 10600
1757794497362 2.808842652795839 10800
1757794582562 2.8608582574772434 11000
1757794667855 2.912873862158648 11200
1757794752919 2.9648894668400523 11400
1757794838171 3.0169050715214563 11600
1757794923198 3.0689206762028607 11800
1757795008216 3.120936280884265 12000
1757795093323 3.1729518855656695 12200
1757795178703 3.224967490247074 12400
1757795264029 3.2769830949284784 12600
1757795349217 3.328998699609883 12800
1757795434376 3.3810143042912872 13000
1757795519679 3.4330299089726917 13200
1757795604626 3.485045513654096 13400
1757795689782 3.5370611183355005 13600
1757795775050 3.589076723016905 13800
1757795860236 3.6410923276983094 14000
1757795945439 3.693107932379714 14200
1757796030541 3.7451235370611182 14400
1757796115694 3.7971391417425226 14600
1757796202686 3.849154746423927 14800
1757796288453 3.9011703511053315 15000
1757796373601 3.953185955786736 15200
1757796450194 4.0 15380
1757796541898 4.0 15380
