1757789932648 17.372806549072266 200
1757790017853 18.46526527404785 400
1757790104308 15.431215286254883 600
1757790190620 14.766925811767578 800
1757790275317 7.546954154968262 1000
1757790360612 6.996841907501221 1200
1757790445473 19.6267147064209 1400
1757790531715 7.067413330078125 1600
1757790616965 13.03270435333252 1800
1757790701731 12.098114013671875 2000
1757790786594 8.122950553894043 2200
1757790871467 9.59688949584961 2400
1757790956350 21.154863357543945 2600
1757791041023 9.001087188720703 2800
1757791125734 7.030392646789551 3000
1757791210505 7.046786308288574 3200
1757791295152 9.839784622192383 3400
1757791379929 5.605870246887207 3600
1757791464579 9.338040351867676 3800
1757791590208 18.894367218017578 4000
1757791677496 6.702687740325928 4200
1757791764867 6.2459611892700195 4400
1757791850120 7.376142978668213 4600
1757791935369 7.692255973815918 4800
1757792020398 5.655250549316406 5000
1757792107299 13.313396453857422 5200
1757792192296 8.07097053527832 5400
1757792277451 8.821521759033203 5600
1757792362745 16.45225715637207 5800
1757792448097 6.293239116668701 6000
1757792533245 7.530082702636719 6200
1757792618552 12.906628608703613 6400
1757792705622 6.223987579345703 6600
1757792790932 9.408687591552734 6800
1757792876236 6.088466167449951 7000
1757792961542 7.374375820159912 7200
1757793046869 13.434436798095703 7400
1757793132232 8.616779327392578 7600
1757793219238 8.04167366027832 7800
1757793304639 7.145187854766846 8000
1757793389933 9.050216674804688 8200
1757793475048 8.427376747131348 8400
1757793560288 20.834426879882812 8600
1757793645474 8.084493637084961 8800
1757793730653 14.879749298095703 9000
1757793815683 11.104756355285645 9200
1757793900973 15.038347244262695 9400
1757793986408 16.762001037597656 9600
1757794071588 16.128015518188477 9800
1757794156644 25.400535583496094 10000
1757794241724 10.954270362854004 10200
1757794327035 10.072856903076172 10400
1757794412052 14.051933288574219 10600
1757794497362 10.97346019744873 10800
1757794582562 10.51221752166748 11000
1757794667855 8.982223510742188 11200
1757794752919 11.225683212280273 11400
1757794838171 18.633358001708984 11600
1757794923198 17.948627471923828 11800
1757795008216 14.696979522705078 12000
1757795093323 20.35529899597168 12200
1757795178703 12.923086166381836 12400
1757795264029 12.896223068237305 12600
1757795349217 7.722320556640625 12800
1757795434376 21.332948684692383 13000
1757795519679 24.93113136291504 13200
1757795604626 10.468547821044922 13400
1757795689782 9.407896041870117 13600
1757795775050 8.73344898223877 13800
1757795860236 9.141986846923828 14000
1757795945439 16.244159698486328 14200
1757796030541 11.152259826660156 14400
1757796115694 20.537242889404297 14600
1757796202686 30.741878509521484 14800
1757796288453 34.83891296386719 15000
1757796373601 14.927491188049316 15200
