1757789932648 0.4791 200
1757790017853 0.3776 400
1757790104308 0.3484 600
1757790190620 0.343 800
1757790275317 0.3421 1000
1757790360612 0.3294 1200
1757790445473 0.3216 1400
1757790531715 0.3261 1600
1757790616965 0.3272 1800
1757790701731 0.303 2000
1757790786594 0.309 2200
1757790871467 0.3058 2400
1757790956350 0.3158 2600
1757791041023 0.3105 2800
1757791125734 0.2851 3000
1757791210505 0.3027 3200
1757791295152 0.3111 3400
1757791379929 0.3022 3600
1757791464579 0.2967 3800
1757791590208 0.2869 4000
1757791677496 0.2692 4200
1757791764867 0.261 4400
1757791850120 0.2759 4600
1757791935369 0.2774 4800
1757792020398 0.2771 5000
1757792107299 0.2629 5200
1757792192296 0.2757 5400
1757792277451 0.2752 5600
1757792362745 0.2609 5800
1757792448097 0.2666 6000
1757792533245 0.2756 6200
1757792618552 0.2747 6400
1757792705622 0.2758 6600
1757792790932 0.2653 6800
1757792876236 0.2734 7000
1757792961542 0.2578 7200
1757793046869 0.2506 7400
1757793132232 0.2694 7600
1757793219238 0.2311 7800
1757793304639 0.2388 8000
1757793389933 0.2321 8200
1757793475048 0.2278 8400
1757793560288 0.21 8600
1757793645474 0.2243 8800
1757793730653 0.2178 9000
1757793815683 0.2168 9200
1757793900973 0.2295 9400
1757793986408 0.2154 9600
1757794071588 0.2277 9800
1757794156644 0.2166 10000
1757794241724 0.2092 10200
1757794327035 0.2232 10400
1757794412052 0.2203 10600
1757794497362 0.2119 10800
1757794582562 0.21 11000
1757794667855 0.2082 11200
1757794752919 0.2178 11400
1757794838171 0.2002 11600
1757794923198 0.165 11800
1757795008216 0.1644 12000
1757795093323 0.1621 12200
1757795178703 0.161 12400
1757795264029 0.1567 12600
1757795349217 0.1611 12800
1757795434376 0.1637 13000
1757795519679 0.146 13200
1757795604626 0.1742 13400
1757795689782 0.1494 13600
1757795775050 0.1542 13800
1757795860236 0.1605 14000
1757795945439 0.1461 14200
1757796030541 0.1564 14400
1757796115694 0.1548 14600
1757796202686 0.1612 14800
1757796288453 0.1524 15000
1757796373601 0.1563 15200
