1757960113769 0.05201560468140442 200
1757960207621 0.10403120936280884 400
1757960303411 0.15604681404421328 600
1757960398918 0.20806241872561768 800
1757960492481 0.26007802340702213 1000
1757960585480 0.31209362808842656 1200
1757960679365 0.3641092327698309 1400
1757960774676 0.41612483745123535 1600
1757960879382 0.4681404421326398 1800
1757960973107 0.5201560468140443 2000
1757961066288 0.5721716514954487 2200
1757961159862 0.6241872561768531 2400
1757961253447 0.6762028608582574 2600
1757961345725 0.7282184655396619 2800
1757961439385 0.7802340702210663 3000
1757961532876 0.8322496749024707 3200
1757961626746 0.8842652795838751 3400
1757961720289 0.9362808842652796 3600
1757962156917 0.988296488946684 3800
1757962761939 1.0403120936280885 4000
1757963287301 1.092327698309493 4200
1757963804305 1.1443433029908974 4400
1757964309726 1.1963589076723018 4600
1757964819388 1.2483745123537062 4800
1757965338628 1.3003901170351106 5000
1757965859696 1.352405721716515 5200
1757966353431 1.4044213263979195 5400
1757966841607 1.456436931079324 5600
1757967336948 1.5084525357607284 5800
1757967832716 1.5604681404421328 6000
1757968340758 1.6124837451235372 6200
1757968840653 1.6644993498049416 6400
1757969344812 1.716514954486346 6600
1757969836751 1.7685305591677505 6800
1757970336307 1.820546163849155 7000
1757970839952 1.8725617685305593 7200
1757971339746 1.9245773732119635 7400
1757971843735 1.976592977893368 7600
1757972340594 2.0286085825747726 7800
1757972840977 2.080624187256177 8000
1757973270841 2.1326397919375815 8200
1757973762625 2.184655396618986 8400
1757974256403 2.2366710013003903 8600
1757974745367 2.2886866059817947 8800
1757975075627 2.340702210663199 9000
1757975439743 2.3927178153446036 9200
1757975656181 2.444733420026008 9400
1757975750416 2.4967490247074124 9600
1757975844981 2.548764629388817 9800
1757975938275 2.6007802340702213 10000
1757976031392 2.6527958387516257 10200
1757976124801 2.70481144343303 10400
1757976218351 2.7568270481144346 10600
1757976312174 2.808842652795839 10800
1757976406270 2.8608582574772434 11000
1757976500008 2.912873862158648 11200
1757976593760 2.9648894668400523 11400
1757976688561 3.0169050715214563 11600
1757976781928 3.0689206762028607 11800
1757976875847 3.120936280884265 12000
1757976970044 3.1729518855656695 12200
1757977064288 3.224967490247074 12400
1757977158169 3.2769830949284784 12600
1757977251973 3.328998699609883 12800
1757977345688 3.3810143042912872 13000
1757977439898 3.4330299089726917 13200
1757977533579 3.485045513654096 13400
1757977765549 3.5370611183355005 13600
1757978297095 3.589076723016905 13800
1757978810672 3.6410923276983094 14000
1757979133120 3.693107932379714 14200
1757979433572 3.7451235370611182 14400
1757979526927 3.7971391417425226 14600
1757979624104 3.849154746423927 14800
1757979718329 3.9011703511053315 15000
1757979811689 3.953185955786736 15200
1757979896014 4.0 15380
1757979989954 4.0 15380
