1757960113769 10.261409759521484 200
1757960207621 10.299811363220215 400
1757960303411 9.38552188873291 600
1757960398918 10.873222351074219 800
1757960492481 6.59557580947876 1000
1757960585480 8.646644592285156 1200
1757960679365 5.11965274810791 1400
1757960774676 6.978259563446045 1600
1757960879382 7.976183891296387 1800
1757960973107 5.818190097808838 2000
1757961066288 5.4900126457214355 2200
1757961159862 4.789587020874023 2400
1757961253447 10.403987884521484 2600
1757961345725 5.76840353012085 2800
1757961439385 4.032037258148193 3000
1757961532876 3.419617176055908 3200
1757961626746 5.428807735443115 3400
1757961720289 3.8915703296661377 3600
1757962156917 5.489597797393799 3800
1757962761939 10.811397552490234 4000
1757963287301 5.094889163970947 4200
1757963804305 5.350335597991943 4400
1757964309726 5.599510192871094 4600
1757964819388 7.688571453094482 4800
1757965338628 6.188753128051758 5000
1757965859696 12.957324028015137 5200
1757966353431 6.672131061553955 5400
1757966841607 6.5200676918029785 5600
1757967336948 12.185802459716797 5800
1757967832716 4.518564701080322 6000
1757968340758 7.918163299560547 6200
1757968840653 7.667871952056885 6400
1757969344812 5.771678924560547 6600
1757969836751 10.276603698730469 6800
1757970336307 5.990039348602295 7000
1757970839952 3.7908079624176025 7200
1757971339746 6.585446834564209 7400
1757971843735 7.011529922485352 7600
1757972340594 6.479267120361328 7800
1757972840977 4.537845611572266 8000
1757973270841 8.89576530456543 8200
1757973762625 4.7905683517456055 8400
1757974256403 5.0605974197387695 8600
1757974745367 7.601825714111328 8800
1757975075627 6.973249435424805 9000
1757975439743 9.632543563842773 9200
1757975656181 4.793313026428223 9400
1757975750416 7.661174297332764 9600
1757975844981 7.928479194641113 9800
1757975938275 5.133615970611572 10000
1757976031392 6.792360782623291 10200
1757976124801 15.350995063781738 10400
1757976218351 9.466107368469238 10600
1757976312174 8.849597930908203 10800
1757976406270 7.993343353271484 11000
1757976500008 10.704146385192871 11200
1757976593760 8.81118392944336 11400
1757976688561 9.291345596313477 11600
1757976781928 2.7687742710113525 11800
1757976875847 7.84467887878418 12000
1757976970044 12.773096084594727 12200
1757977064288 9.88074779510498 12400
1757977158169 17.897987365722656 12600
1757977251973 4.993733882904053 12800
1757977345688 18.8630428314209 13000
1757977439898 20.600584030151367 13200
1757977533579 13.53215217590332 13400
1757977765549 16.813465118408203 13600
1757978297095 7.635598182678223 13800
1757978810672 7.770046710968018 14000
1757979133120 26.68349266052246 14200
1757979433572 9.523015022277832 14400
1757979526927 17.01848602294922 14600
1757979624104 8.35757827758789 14800
1757979718329 12.125359535217285 15000
1757979811689 5.561047077178955 15200
