1757960113769 1.9741222366710016e-05 200
1757960207621 1.9481144343302995e-05 400
1757960303411 1.922106631989597e-05 600
1757960398918 1.896098829648895e-05 800
1757960492481 1.8700910273081928e-05 1000
1757960585480 1.8440832249674903e-05 1200
1757960679365 1.8180754226267882e-05 1400
1757960774676 1.792067620286086e-05 1600
1757960879382 1.766059817945384e-05 1800
1757960973107 1.7400520156046815e-05 2000
1757961066288 1.7140442132639794e-05 2200
1757961159862 1.6880364109232773e-05 2400
1757961253447 1.662028608582575e-05 2600
1757961345725 1.6360208062418727e-05 2800
1757961439385 1.6100130039011706e-05 3000
1757961532876 1.5840052015604684e-05 3200
1757961626746 1.557997399219766e-05 3400
1757961720289 1.531989596879064e-05 3600
1757962156917 1.5059817945383617e-05 3800
1757962761939 1.4799739921976594e-05 4000
1757963287301 1.4539661898569573e-05 4200
1757963804305 1.427958387516255e-05 4400
1757964309726 1.4019505851755527e-05 4600
1757964819388 1.3759427828348506e-05 4800
1757965338628 1.3499349804941483e-05 5000
1757965859696 1.3239271781534462e-05 5200
1757966353431 1.297919375812744e-05 5400
1757966841607 1.2719115734720418e-05 5600
1757967336948 1.2459037711313395e-05 5800
1757967832716 1.2198959687906374e-05 6000
1757968340758 1.1938881664499351e-05 6200
1757968840653 1.1678803641092328e-05 6400
1757969344812 1.1418725617685307e-05 6600
1757969836751 1.1158647594278284e-05 6800
1757970336307 1.0898569570871263e-05 7000
1757970839952 1.063849154746424e-05 7200
1757971339746 1.0378413524057219e-05 7400
1757971843735 1.0118335500650196e-05 7600
1757972340594 9.858257477243175e-06 7800
1757972840977 9.598179453836152e-06 8000
1757973270841 9.338101430429129e-06 8200
1757973762625 9.078023407022108e-06 8400
1757974256403 8.817945383615085e-06 8600
1757974745367 8.557867360208063e-06 8800
1757975075627 8.29778933680104e-06 9000
1757975439743 8.03771131339402e-06 9200
1757975656181 7.777633289986996e-06 9400
1757975750416 7.5175552665799744e-06 9600
1757975844981 7.257477243172952e-06 9800
1757975938275 6.99739921976593e-06 10000
1757976031392 6.737321196358908e-06 10200
1757976124801 6.477243172951886e-06 10400
1757976218351 6.217165149544863e-06 10600
1757976312174 5.957087126137841e-06 10800
1757976406270 5.697009102730819e-06 11000
1757976500008 5.436931079323797e-06 11200
1757976593760 5.176853055916775e-06 11400
1757976688561 4.916775032509754e-06 11600
1757976781928 4.656697009102731e-06 11800
1757976875847 4.396618985695709e-06 12000
1757976970044 4.136540962288687e-06 12200
1757977064288 3.876462938881665e-06 12400
1757977158169 3.6163849154746428e-06 12600
1757977251973 3.3563068920676207e-06 12800
1757977345688 3.0962288686605987e-06 13000
1757977439898 2.836150845253576e-06 13200
1757977533579 2.576072821846554e-06 13400
1757977765549 2.315994798439532e-06 13600
1757978297095 2.05591677503251e-06 13800
1757978810672 1.7958387516254878e-06 14000
1757979133120 1.5357607282184655e-06 14200
1757979433572 1.2756827048114434e-06 14400
1757979526927 1.0156046814044214e-06 14600
1757979624104 7.555266579973992e-07 14800
1757979718329 4.954486345903772e-07 15000
1757979811689 2.3537061118335501e-07 15200
