1757960113769 0.6472 200
1757960207621 0.5603 400
1757960303411 0.5322 600
1757960398918 0.5255 800
1757960492481 0.5261 1000
1757960585480 0.5207 1200
1757960679365 0.5115 1400
1757960774676 0.5144 1600
1757960879382 0.5115 1800
1757960973107 0.5046 2000
1757961066288 0.501 2200
1757961159862 0.5014 2400
1757961253447 0.5062 2600
1757961345725 0.4998 2800
1757961439385 0.483 3000
1757961532876 0.4931 3200
1757961626746 0.5005 3400
1757961720289 0.4943 3600
1757962156917 0.4881 3800
1757962761939 0.484 4000
1757963287301 0.4744 4200
1757963804305 0.4644 4400
1757964309726 0.4769 4600
1757964819388 0.4791 4800
1757965338628 0.4772 5000
1757965859696 0.4676 5200
1757966353431 0.4725 5400
1757966841607 0.4776 5600
1757967336948 0.4649 5800
1757967832716 0.4708 6000
1757968340758 0.4767 6200
1757968840653 0.472 6400
1757969344812 0.4751 6600
1757969836751 0.4716 6800
1757970336307 0.4705 7000
1757970839952 0.463 7200
1757971339746 0.4587 7400
1757971843735 0.4759 7600
1757972340594 0.4428 7800
1757972840977 0.4519 8000
1757973270841 0.4396 8200
1757973762625 0.4411 8400
1757974256403 0.4306 8600
1757974745367 0.4375 8800
1757975075627 0.4371 9000
1757975439743 0.4337 9200
1757975656181 0.4445 9400
1757975750416 0.4304 9600
1757975844981 0.4405 9800
1757975938275 0.4313 10000
1757976031392 0.4293 10200
1757976124801 0.4357 10400
1757976218351 0.4305 10600
1757976312174 0.4294 10800
1757976406270 0.4269 11000
1757976500008 0.4333 11200
1757976593760 0.4304 11400
1757976688561 0.4192 11600
1757976781928 0.3899 11800
1757976875847 0.3995 12000
1757976970044 0.3956 12200
1757977064288 0.3954 12400
1757977158169 0.3894 12600
1757977251973 0.3874 12800
1757977345688 0.3956 13000
1757977439898 0.3795 13200
1757977533579 0.3998 13400
1757977765549 0.3877 13600
1757978297095 0.3894 13800
1757978810672 0.3901 14000
1757979133120 0.3813 14200
1757979433572 0.3906 14400
1757979526927 0.3914 14600
1757979624104 0.3955 14800
1757979718329 0.385 15000
1757979811689 0.385 15200
