1760030721309 0.055020632737276476 200
1760030819140 0.11004126547455295 400
1760030911055 0.16506189821182943 600
1760031005034 0.2200825309491059 800
1760031097247 0.2751031636863824 1000
1760031189620 0.33012379642365886 1200
1760031282217 0.38514442916093533 1400
1760031374560 0.4401650618982118 1600
1760031466923 0.4951856946354883 1800
1760031559270 0.5502063273727648 2000
1760031651526 0.6052269601100413 2200
1760031743593 0.6602475928473177 2400
1760031837333 0.7152682255845942 2600
1760031929660 0.7702888583218707 2800
1760032021832 0.8253094910591472 3000
1760032118090 0.8803301237964236 3200
1760032212356 0.9353507565337001 3400
1760032305207 0.9903713892709766 3600
1760032439283 1.045392022008253 3800
1760032531373 1.1004126547455295 4000
1760032623500 1.155433287482806 4200
1760032715500 1.2104539202200826 4400
1760032807428 1.265474552957359 4600
1760032899312 1.3204951856946354 4800
1760032991401 1.375515818431912 5000
1760033083664 1.4305364511691885 5200
1760033175556 1.485557083906465 5400
1760033267613 1.5405777166437415 5600
1760033359303 1.5955983493810177 5800
1760033451273 1.6506189821182944 6000
1760033542878 1.7056396148555708 6200
1760033634496 1.7606602475928472 6400
1760033726404 1.8156808803301239 6600
1760033818522 1.8707015130674003 6800
1760033910412 1.9257221458046767 7000
1760034002425 1.9807427785419534 7200
1760034096498 2.0357634112792296 7400
1760034187962 2.090784044016506 7600
1760034279975 2.145804676753783 7800
1760034371798 2.200825309491059 8000
1760034463788 2.2558459422283357 8200
1760034555566 2.310866574965612 8400
1760034647778 2.3658872077028885 8600
1760034739474 2.420907840440165 8800
1760034831406 2.4759284731774414 9000
1760034923205 2.530949105914718 9200
1760035015344 2.5859697386519946 9400
1760035107247 2.640990371389271 9600
1760035199244 2.6960110041265475 9800
1760035291051 2.751031636863824 10000
1760035383571 2.8060522696011003 10200
1760035475616 2.861072902338377 10400
1760035567175 2.916093535075653 10600
1760035659258 2.97111416781293 10800
1760035751036 3.0261348005502064 11000
1760035842825 3.0811554332874826 11200
1760035934261 3.1361760660247593 11400
1760036026091 3.191196698762036 11600
1760036118312 3.246217331499312 11800
1760036210402 3.3012379642365888 12000
1760036303478 3.3562585969738654 12200
1760036395513 3.4112792297111416 12400
1760036487534 3.4662998624484183 12600
1760036579806 3.5213204951856945 12800
1760036671964 3.576341127922971 13000
1760036763855 3.6313617606602477 13200
1760036855803 3.686382393397524 13400
1760036947884 3.7414030261348006 13600
1760037039704 3.796423658872077 13800
1760037131682 3.8514442916093534 14000
1760037223388 3.90646492434663 14200
1760037315737 3.9614855570839067 14400
1760037379775 4.0 14540
1760037471651 4.0 14540
