1760030721309 11.49013614654541 200
1760030819140 16.04557991027832 400
1760030911055 13.505626678466797 600
1760031005034 11.701087951660156 800
1760031097247 21.756834030151367 1000
1760031189620 12.082961082458496 1200
1760031282217 14.18324089050293 1400
1760031374560 14.905330657958984 1600
1760031466923 49.8056755065918 1800
1760031559270 11.456792831420898 2000
1760031651526 8.454071998596191 2200
1760031743593 10.33733081817627 2400
1760031837333 9.814787864685059 2600
1760031929660 20.26040267944336 2800
1760032021832 5.563984394073486 3000
1760032118090 7.713179111480713 3200
1760032212356 39.343753814697266 3400
1760032305207 13.939615249633789 3600
1760032439283 6.320232391357422 3800
1760032531373 12.530529022216797 4000
1760032623500 8.281599044799805 4200
1760032715500 13.4022855758667 4400
1760032807428 10.726797103881836 4600
1760032899312 6.839788913726807 4800
1760032991401 9.023740768432617 5000
1760033083664 8.691902160644531 5200
1760033175556 23.36530876159668 5400
1760033267613 14.54469108581543 5600
1760033359303 7.529542446136475 5800
1760033451273 4.894667625427246 6000
1760033542878 8.42992115020752 6200
1760033634496 5.7116546630859375 6400
1760033726404 5.532364368438721 6600
1760033818522 6.432226657867432 6800
1760033910412 7.24135160446167 7000
1760034002425 6.621649265289307 7200
1760034096498 6.94154167175293 7400
1760034187962 11.043778419494629 7600
1760034279975 7.756197452545166 7800
1760034371798 7.8142008781433105 8000
1760034463788 17.751802444458008 8200
1760034555566 12.556414604187012 8400
1760034647778 21.050317764282227 8600
1760034739474 10.628592491149902 8800
1760034831406 12.459759712219238 9000
1760034923205 7.667969226837158 9200
1760035015344 11.387871742248535 9400
1760035107247 8.366141319274902 9600
1760035199244 6.352868556976318 9800
1760035291051 7.113820552825928 10000
1760035383571 8.58884048461914 10200
1760035475616 9.653365135192871 10400
1760035567175 34.78512191772461 10600
1760035659258 10.311087608337402 10800
1760035751036 9.837278366088867 11000
1760035842825 47.32292938232422 11200
1760035934261 21.166770935058594 11400
1760036026091 32.6099739074707 11600
1760036118312 9.90237045288086 11800
1760036210402 12.06537914276123 12000
1760036303478 20.13787841796875 12200
1760036395513 14.996789932250977 12400
1760036487534 28.45831298828125 12600
1760036579806 8.56253433227539 12800
1760036671964 13.198615074157715 13000
1760036763855 15.75146484375 13200
1760036855803 18.097320556640625 13400
1760036947884 15.48187255859375 13600
1760037039704 14.381710052490234 13800
1760037131682 13.608257293701172 14000
1760037223388 7.132061004638672 14200
1760037315737 14.443464279174805 14400
