1760030721309 1.972627235213205e-05 200
1760030819140 1.945116918844567e-05 400
1760030911055 1.9176066024759286e-05 600
1760031005034 1.8900962861072905e-05 800
1760031097247 1.862585969738652e-05 1000
1760031189620 1.835075653370014e-05 1200
1760031282217 1.8075653370013758e-05 1400
1760031374560 1.7800550206327373e-05 1600
1760031466923 1.7525447042640992e-05 1800
1760031559270 1.725034387895461e-05 2000
1760031651526 1.6975240715268227e-05 2200
1760031743593 1.6700137551581846e-05 2400
1760031837333 1.642503438789546e-05 2600
1760031929660 1.614993122420908e-05 2800
1760032021832 1.58748280605227e-05 3000
1760032118090 1.5599724896836314e-05 3200
1760032212356 1.5324621733149933e-05 3400
1760032305207 1.504951856946355e-05 3600
1760032439283 1.4774415405777167e-05 3800
1760032531373 1.4499312242090786e-05 4000
1760032623500 1.4224209078404403e-05 4200
1760032715500 1.3949105914718019e-05 4400
1760032807428 1.367400275103164e-05 4600
1760032899312 1.3398899587345255e-05 4800
1760032991401 1.3123796423658872e-05 5000
1760033083664 1.2848693259972491e-05 5200
1760033175556 1.2573590096286108e-05 5400
1760033267613 1.2298486932599727e-05 5600
1760033359303 1.2023383768913344e-05 5800
1760033451273 1.1748280605226961e-05 6000
1760033542878 1.147317744154058e-05 6200
1760033634496 1.1198074277854196e-05 6400
1760033726404 1.0922971114167813e-05 6600
1760033818522 1.0647867950481432e-05 6800
1760033910412 1.0372764786795049e-05 7000
1760034002425 1.0097661623108666e-05 7200
1760034096498 9.822558459422285e-06 7400
1760034187962 9.547455295735902e-06 7600
1760034279975 9.27235213204952e-06 7800
1760034371798 8.997248968363136e-06 8000
1760034463788 8.722145804676755e-06 8200
1760034555566 8.447042640990372e-06 8400
1760034647778 8.17193947730399e-06 8600
1760034739474 7.896836313617607e-06 8800
1760034831406 7.6217331499312256e-06 9000
1760034923205 7.346629986244842e-06 9200
1760035015344 7.07152682255846e-06 9400
1760035107247 6.796423658872078e-06 9600
1760035199244 6.521320495185696e-06 9800
1760035291051 6.246217331499312e-06 10000
1760035383571 5.97111416781293e-06 10200
1760035475616 5.696011004126548e-06 10400
1760035567175 5.420907840440166e-06 10600
1760035659258 5.145804676753783e-06 10800
1760035751036 4.870701513067401e-06 11000
1760035842825 4.595598349381018e-06 11200
1760035934261 4.320495185694636e-06 11400
1760036026091 4.045392022008253e-06 11600
1760036118312 3.770288858321871e-06 11800
1760036210402 3.4951856946354886e-06 12000
1760036303478 3.220082530949106e-06 12200
1760036395513 2.9449793672627238e-06 12400
1760036487534 2.6698762035763414e-06 12600
1760036579806 2.394773039889959e-06 12800
1760036671964 2.1196698762035765e-06 13000
1760036763855 1.844566712517194e-06 13200
1760036855803 1.5694635488308115e-06 13400
1760036947884 1.294360385144429e-06 13600
1760037039704 1.0192572214580467e-06 13800
1760037131682 7.441540577716644e-07 14000
1760037223388 4.690508940852821e-07 14200
1760037315737 1.9394773039889962e-07 14400
