1760030721309 0.6668 200
1760030819140 0.5762 400
1760030911055 0.5525 600
1760031005034 0.5376 800
1760031097247 0.5422 1000
1760031189620 0.5298 1200
1760031282217 0.5252 1400
1760031374560 0.5154 1600
1760031466923 0.5272 1800
1760031559270 0.5148 2000
1760031651526 0.5127 2200
1760031743593 0.5115 2400
1760031837333 0.5088 2600
1760031929660 0.5007 2800
1760032021832 0.5149 3000
1760032118090 0.5093 3200
1760032212356 0.5029 3400
1760032305207 0.5025 3600
1760032439283 0.4846 3800
1760032531373 0.4762 4000
1760032623500 0.4791 4200
1760032715500 0.4768 4400
1760032807428 0.4785 4600
1760032899312 0.483 4800
1760032991401 0.4866 5000
1760033083664 0.4703 5200
1760033175556 0.4788 5400
1760033267613 0.4861 5600
1760033359303 0.4827 5800
1760033451273 0.4744 6000
1760033542878 0.4798 6200
1760033634496 0.4838 6400
1760033726404 0.4777 6600
1760033818522 0.4793 6800
1760033910412 0.4781 7000
1760034002425 0.4731 7200
1760034096498 0.4643 7400
1760034187962 0.4508 7600
1760034279975 0.4572 7800
1760034371798 0.449 8000
1760034463788 0.4467 8200
1760034555566 0.4407 8400
1760034647778 0.4536 8600
1760034739474 0.451 8800
1760034831406 0.4315 9000
1760034923205 0.4446 9200
1760035015344 0.4405 9400
1760035107247 0.4397 9600
1760035199244 0.4456 9800
1760035291051 0.4368 10000
1760035383571 0.4403 10200
1760035475616 0.4346 10400
1760035567175 0.442 10600
1760035659258 0.4311 10800
1760035751036 0.4234 11000
1760035842825 0.4044 11200
1760035934261 0.3965 11400
1760036026091 0.3917 11600
1760036118312 0.3891 11800
1760036210402 0.3953 12000
1760036303478 0.3976 12200
1760036395513 0.3895 12400
1760036487534 0.3963 12600
1760036579806 0.3955 12800
1760036671964 0.3937 13000
1760036763855 0.391 13200
1760036855803 0.3928 13400
1760036947884 0.3784 13600
1760037039704 0.3823 13800
1760037131682 0.3918 14000
1760037223388 0.3813 14200
1760037315737 0.387 14400
