1758706602202 0.05509641873278237 200
1758706697608 0.11019283746556474 400
1758706790783 0.1652892561983471 600
1758706883550 0.22038567493112948 800
1758706976285 0.27548209366391185 1000
1758707069364 0.3305785123966942 1200
1758707162175 0.3856749311294766 1400
1758707255202 0.44077134986225897 1600
1758707347793 0.49586776859504134 1800
1758707441050 0.5509641873278237 2000
1758707534733 0.6060606060606061 2200
1758707627741 0.6611570247933884 2400
1758707720690 0.7162534435261708 2600
1758707813889 0.7713498622589532 2800
1758707907452 0.8264462809917356 3000
1758708000167 0.8815426997245179 3200
1758708093778 0.9366391184573003 3400
1758708186817 0.9917355371900827 3600
1758708294376 1.046831955922865 3800
1758708390406 1.1019283746556474 4000
1758708485227 1.1570247933884297 4200
1758708578865 1.2121212121212122 4400
1758708672377 1.2672176308539944 4600
1758708766925 1.322314049586777 4800
1758708861434 1.3774104683195592 5000
1758708955022 1.4325068870523416 5200
1758709048392 1.487603305785124 5400
1758709141966 1.5426997245179064 5600
1758709235534 1.5977961432506889 5800
1758709328953 1.6528925619834711 6000
1758709422418 1.7079889807162534 6200
1758709516002 1.7630853994490359 6400
1758709609155 1.8181818181818183 6600
1758709702903 1.8732782369146006 6800
1758709796487 1.9283746556473829 7000
1758709890168 1.9834710743801653 7200
1758709983732 2.038567493112948 7400
1758710076976 2.09366391184573 7600
1758710170692 2.1487603305785123 7800
1758710265744 2.203856749311295 8000
1758710359533 2.2589531680440773 8200
1758710453423 2.3140495867768593 8400
1758710546870 2.369146005509642 8600
1758710640345 2.4242424242424243 8800
1758710733739 2.479338842975207 9000
1758710827271 2.534435261707989 9200
1758710920646 2.5895316804407713 9400
1758711014418 2.644628099173554 9600
1758711107807 2.6997245179063363 9800
1758711201295 2.7548209366391183 10000
1758711294858 2.809917355371901 10200
1758711388148 2.8650137741046833 10400
1758711481673 2.9201101928374653 10600
1758711575462 2.975206611570248 10800
1758711669230 3.0303030303030303 11000
1758711762675 3.0853994490358128 11200
1758711856466 3.1404958677685952 11400
1758711949978 3.1955922865013773 11600
1758712043573 3.2506887052341598 11800
1758712136738 3.3057851239669422 12000
1758712230129 3.3608815426997243 12200
1758712323507 3.4159779614325068 12400
1758712416825 3.4710743801652892 12600
1758712509765 3.5261707988980717 12800
1758712602906 3.581267217630854 13000
1758712696380 3.6363636363636362 13200
1758712790156 3.6914600550964187 13400
1758712884004 3.746556473829201 13600
1758712977305 3.8016528925619832 13800
1758713071115 3.8567493112947657 14000
1758713164436 3.911845730027548 14200
1758713258509 3.9669421487603307 14400
1758713314422 4.0 14520
1758713628047 4.0 14520
