1758706602202 26.49900245666504 200
1758706697608 14.998133659362793 400
1758706790783 11.672755241394043 600
1758706883550 7.216114521026611 800
1758706976285 10.492762565612793 1000
1758707069364 4.299539566040039 1200
1758707162175 7.123775959014893 1400
1758707255202 8.146123886108398 1600
1758707347793 7.614266395568848 1800
1758707441050 8.750059127807617 2000
1758707534733 7.078766345977783 2200
1758707627741 5.522721290588379 2400
1758707720690 4.655385494232178 2600
1758707813889 6.331799507141113 2800
1758707907452 5.023972988128662 3000
1758708000167 8.091089248657227 3200
1758708093778 4.09291410446167 3400
1758708186817 9.85352897644043 3600
1758708294376 6.0955963134765625 3800
1758708390406 5.67546272277832 4000
1758708485227 4.771621227264404 4200
1758708578865 11.984370231628418 4400
1758708672377 4.125171661376953 4600
1758708766925 4.5499267578125 4800
1758708861434 5.7221903800964355 5000
1758708955022 4.7412614822387695 5200
1758709048392 7.292654514312744 5400
1758709141966 4.662395477294922 5600
1758709235534 4.811633586883545 5800
1758709328953 7.088931083679199 6000
1758709422418 4.435258865356445 6200
1758709516002 5.766746520996094 6400
1758709609155 6.652994155883789 6600
1758709702903 6.019824504852295 6800
1758709796487 4.876845359802246 7000
1758709890168 6.154283046722412 7200
1758709983732 8.705832481384277 7400
1758710076976 5.764430046081543 7600
1758710170692 8.055254936218262 7800
1758710265744 25.397924423217773 8000
1758710359533 7.233032703399658 8200
1758710453423 8.683573722839355 8400
1758710546870 8.5924711227417 8600
1758710640345 6.436062812805176 8800
1758710733739 5.542923450469971 9000
1758710827271 8.066343307495117 9200
1758710920646 9.31596565246582 9400
1758711014418 11.160367965698242 9600
1758711107807 10.980093002319336 9800
1758711201295 10.313522338867188 10000
1758711294858 8.007616996765137 10200
1758711388148 8.861040115356445 10400
1758711481673 6.539542198181152 10600
1758711575462 8.326584815979004 10800
1758711669230 10.115324974060059 11000
1758711762675 11.522339820861816 11200
1758711856466 10.319622039794922 11400
1758711949978 14.395772933959961 11600
1758712043573 11.84765911102295 11800
1758712136738 6.129053592681885 12000
1758712230129 9.701769828796387 12200
1758712323507 5.493587017059326 12400
1758712416825 12.769444465637207 12600
1758712509765 8.029505729675293 12800
1758712602906 8.315567970275879 13000
1758712696380 10.727276802062988 13200
1758712790156 14.300226211547852 13400
1758712884004 15.29932689666748 13600
1758712977305 9.363777160644531 13800
1758713071115 12.432196617126465 14000
1758713164436 7.4263224601745605 14200
1758713258509 12.144458770751953 14400
