1758706602202 1.972589531680441e-05 200
1758706697608 1.9450413223140498e-05 400
1758706790783 1.9174931129476585e-05 600
1758706883550 1.8899449035812673e-05 800
1758706976285 1.862396694214876e-05 1000
1758707069364 1.834848484848485e-05 1200
1758707162175 1.807300275482094e-05 1400
1758707255202 1.7797520661157027e-05 1600
1758707347793 1.7522038567493115e-05 1800
1758707441050 1.7246556473829202e-05 2000
1758707534733 1.697107438016529e-05 2200
1758707627741 1.6695592286501377e-05 2400
1758707720690 1.6420110192837465e-05 2600
1758707813889 1.6144628099173556e-05 2800
1758707907452 1.5869146005509644e-05 3000
1758708000167 1.559366391184573e-05 3200
1758708093778 1.531818181818182e-05 3400
1758708186817 1.5042699724517908e-05 3600
1758708294376 1.4767217630853996e-05 3800
1758708390406 1.4491735537190084e-05 4000
1758708485227 1.4216253443526171e-05 4200
1758708578865 1.394077134986226e-05 4400
1758708672377 1.3665289256198348e-05 4600
1758708766925 1.3389807162534436e-05 4800
1758708861434 1.3114325068870524e-05 5000
1758708955022 1.2838842975206613e-05 5200
1758709048392 1.25633608815427e-05 5400
1758709141966 1.2287878787878788e-05 5600
1758709235534 1.2012396694214876e-05 5800
1758709328953 1.1736914600550967e-05 6000
1758709422418 1.1461432506887053e-05 6200
1758709516002 1.118595041322314e-05 6400
1758709609155 1.0910468319559228e-05 6600
1758709702903 1.0634986225895319e-05 6800
1758709796487 1.0359504132231407e-05 7000
1758709890168 1.0084022038567494e-05 7200
1758709983732 9.808539944903582e-06 7400
1758710076976 9.53305785123967e-06 7600
1758710170692 9.257575757575759e-06 7800
1758710265744 8.982093663911847e-06 8000
1758710359533 8.706611570247934e-06 8200
1758710453423 8.431129476584022e-06 8400
1758710546870 8.155647382920111e-06 8600
1758710640345 7.880165289256199e-06 8800
1758710733739 7.604683195592287e-06 9000
1758710827271 7.329201101928375e-06 9200
1758710920646 7.053719008264463e-06 9400
1758711014418 6.778236914600551e-06 9600
1758711107807 6.5027548209366395e-06 9800
1758711201295 6.227272727272727e-06 10000
1758711294858 5.951790633608816e-06 10200
1758711388148 5.676308539944903e-06 10400
1758711481673 5.400826446280993e-06 10600
1758711575462 5.12534435261708e-06 10800
1758711669230 4.849862258953169e-06 11000
1758711762675 4.574380165289256e-06 11200
1758711856466 4.298898071625345e-06 11400
1758711949978 4.0234159779614325e-06 11600
1758712043573 3.747933884297521e-06 11800
1758712136738 3.472451790633609e-06 12000
1758712230129 3.196969696969697e-06 12200
1758712323507 2.9214876033057856e-06 12400
1758712416825 2.6460055096418737e-06 12600
1758712509765 2.3705234159779617e-06 12800
1758712602906 2.0950413223140498e-06 13000
1758712696380 1.8195592286501378e-06 13200
1758712790156 1.5440771349862261e-06 13400
1758712884004 1.2685950413223142e-06 13600
1758712977305 9.931129476584022e-07 13800
1758713071115 7.176308539944904e-07 14000
1758713164436 4.421487603305785e-07 14200
1758713258509 1.6666666666666668e-07 14400
