1758706602202 0.7534 200
1758706697608 0.5845 400
1758706790783 0.5736 600
1758706883550 0.5501 800
1758706976285 0.5409 1000
1758707069364 0.5342 1200
1758707162175 0.5258 1400
1758707255202 0.5251 1600
1758707347793 0.5131 1800
1758707441050 0.514 2000
1758707534733 0.5111 2200
1758707627741 0.5145 2400
1758707720690 0.5044 2600
1758707813889 0.5063 2800
1758707907452 0.5072 3000
1758708000167 0.4983 3200
1758708093778 0.5097 3400
1758708186817 0.5049 3600
1758708294376 0.4797 3800
1758708390406 0.4794 4000
1758708485227 0.4795 4200
1758708578865 0.4707 4400
1758708672377 0.4722 4600
1758708766925 0.4734 4800
1758708861434 0.4732 5000
1758708955022 0.4765 5200
1758709048392 0.4749 5400
1758709141966 0.4763 5600
1758709235534 0.4661 5800
1758709328953 0.4803 6000
1758709422418 0.4817 6200
1758709516002 0.4746 6400
1758709609155 0.471 6600
1758709702903 0.4715 6800
1758709796487 0.4666 7000
1758709890168 0.4718 7200
1758709983732 0.4522 7400
1758710076976 0.4299 7600
1758710170692 0.425 7800
1758710265744 0.429 8000
1758710359533 0.4297 8200
1758710453423 0.4317 8400
1758710546870 0.4377 8600
1758710640345 0.4265 8800
1758710733739 0.4256 9000
1758710827271 0.4366 9200
1758710920646 0.4313 9400
1758711014418 0.4361 9600
1758711107807 0.4213 9800
1758711201295 0.431 10000
1758711294858 0.4318 10200
1758711388148 0.4178 10400
1758711481673 0.4254 10600
1758711575462 0.4219 10800
1758711669230 0.3888 11000
1758711762675 0.3789 11200
1758711856466 0.3764 11400
1758711949978 0.3826 11600
1758712043573 0.3736 11800
1758712136738 0.379 12000
1758712230129 0.3682 12200
1758712323507 0.3743 12400
1758712416825 0.3594 12600
1758712509765 0.3663 12800
1758712602906 0.3652 13000
1758712696380 0.3677 13200
1758712790156 0.3704 13400
1758712884004 0.3719 13600
1758712977305 0.3563 13800
1758713071115 0.3662 14000
1758713164436 0.3597 14200
1758713258509 0.3639 14400
