1759338371868 0.055020632737276476 200
1759338466386 0.11004126547455295 400
1759338560378 0.16506189821182943 600
1759338653333 0.2200825309491059 800
1759338746162 0.2751031636863824 1000
1759338838963 0.33012379642365886 1200
1759338931772 0.38514442916093533 1400
1759339024343 0.4401650618982118 1600
1759339116965 0.4951856946354883 1800
1759339209620 0.5502063273727648 2000
1759339301970 0.6052269601100413 2200
1759339394267 0.6602475928473177 2400
1759339487865 0.7152682255845942 2600
1759339580499 0.7702888583218707 2800
1759339673165 0.8253094910591472 3000
1759339765892 0.8803301237964236 3200
1759339858572 0.9353507565337001 3400
1759339950933 0.9903713892709766 3600
1759340056199 1.045392022008253 3800
1759340152999 1.1004126547455295 4000
1759340246012 1.155433287482806 4200
1759340338833 1.2104539202200826 4400
1759340432921 1.265474552957359 4600
1759340526884 1.3204951856946354 4800
1759340619595 1.375515818431912 5000
1759340712482 1.4305364511691885 5200
1759340805396 1.485557083906465 5400
1759340898177 1.5405777166437415 5600
1759340990914 1.5955983493810177 5800
1759341083803 1.6506189821182944 6000
1759341176539 1.7056396148555708 6200
1759341269309 1.7606602475928472 6400
1759341363122 1.8156808803301239 6600
1759341456920 1.8707015130674003 6800
1759341549782 1.9257221458046767 7000
1759341642869 1.9807427785419534 7200
1759341735629 2.0357634112792296 7400
1759341828251 2.090784044016506 7600
1759341921309 2.145804676753783 7800
1759342014545 2.200825309491059 8000
1759342108210 2.2558459422283357 8200
1759342202179 2.310866574965612 8400
1759342296062 2.3658872077028885 8600
1759342388991 2.420907840440165 8800
1759342481932 2.4759284731774414 9000
1759342574809 2.530949105914718 9200
1759342667396 2.5859697386519946 9400
1759342760307 2.640990371389271 9600
1759342853279 2.6960110041265475 9800
1759342945828 2.751031636863824 10000
1759343038589 2.8060522696011003 10200
1759343131184 2.861072902338377 10400
1759343224188 2.916093535075653 10600
1759343316966 2.97111416781293 10800
1759343410771 3.0261348005502064 11000
1759343503505 3.0811554332874826 11200
1759343596065 3.1361760660247593 11400
1759343688659 3.191196698762036 11600
1759343781586 3.246217331499312 11800
1759343874546 3.3012379642365888 12000
1759343967216 3.3562585969738654 12200
1759344059996 3.4112792297111416 12400
1759344152903 3.4662998624484183 12600
1759344245707 3.5213204951856945 12800
1759344338619 3.576341127922971 13000
1759344431175 3.6313617606602477 13200
1759344523847 3.686382393397524 13400
1759344617056 3.7414030261348006 13600
1759344710073 3.796423658872077 13800
1759344802753 3.8514442916093534 14000
1759344895446 3.90646492434663 14200
1759344988309 3.9614855570839067 14400
1759345054069 4.0 14540
1759345330015 4.0 14540
