1759338371868 12.2357177734375 200
1759338466386 10.789180755615234 400
1759338560378 8.58938980102539 600
1759338653333 8.660661697387695 800
1759338746162 6.013762950897217 1000
1759338838963 7.916889190673828 1200
1759338931772 3.9154365062713623 1400
1759339024343 8.657378196716309 1600
1759339116965 8.5571870803833 1800
1759339209620 4.340140342712402 2000
1759339301970 7.879159927368164 2200
1759339394267 4.078767776489258 2400
1759339487865 7.33671236038208 2600
1759339580499 3.09908390045166 2800
1759339673165 4.74380350112915 3000
1759339765892 8.75097942352295 3200
1759339858572 4.095999717712402 3400
1759339950933 6.2437872886657715 3600
1759340056199 4.659255027770996 3800
1759340152999 6.39192008972168 4000
1759340246012 10.11301040649414 4200
1759340338833 6.800723075866699 4400
1759340432921 6.690098285675049 4600
1759340526884 6.428791046142578 4800
1759340619595 3.5486762523651123 5000
1759340712482 6.535340309143066 5200
1759340805396 4.021391868591309 5400
1759340898177 4.175197124481201 5600
1759340990914 5.34139347076416 5800
1759341083803 5.580162525177002 6000
1759341176539 5.395808696746826 6200
1759341269309 7.577384948730469 6400
1759341363122 9.155981063842773 6600
1759341456920 5.409830570220947 6800
1759341549782 4.168778896331787 7000
1759341642869 6.367886066436768 7200
1759341735629 8.18559455871582 7400
1759341828251 8.728590965270996 7600
1759341921309 8.396111488342285 7800
1759342014545 9.119047164916992 8000
1759342108210 5.632486820220947 8200
1759342202179 10.203078269958496 8400
1759342296062 7.888832092285156 8600
1759342388991 11.968798637390137 8800
1759342481932 12.258160591125488 9000
1759342574809 11.041824340820312 9200
1759342667396 23.318798065185547 9400
1759342760307 13.584263801574707 9600
1759342853279 9.12753963470459 9800
1759342945828 9.056685447692871 10000
1759343038589 8.804604530334473 10200
1759343131184 12.557071685791016 10400
1759343224188 9.627826690673828 10600
1759343316966 10.458257675170898 10800
1759343410771 9.927656173706055 11000
1759343503505 11.463472366333008 11200
1759343596065 15.19675064086914 11400
1759343688659 10.362259864807129 11600
1759343781586 18.008525848388672 11800
1759343874546 17.545289993286133 12000
1759343967216 10.25034236907959 12200
1759344059996 15.300298690795898 12400
1759344152903 17.53738784790039 12600
1759344245707 15.935029983520508 12800
1759344338619 14.113821029663086 13000
1759344431175 14.882699012756348 13200
1759344523847 12.348418235778809 13400
1759344617056 16.022737503051758 13600
1759344710073 13.958052635192871 13800
1759344802753 10.011191368103027 14000
1759344895446 14.421435356140137 14200
1759344988309 20.119722366333008 14400
