1759338371868 1.972627235213205e-05 200
1759338466386 1.945116918844567e-05 400
1759338560378 1.9176066024759286e-05 600
1759338653333 1.8900962861072905e-05 800
1759338746162 1.862585969738652e-05 1000
1759338838963 1.835075653370014e-05 1200
1759338931772 1.8075653370013758e-05 1400
1759339024343 1.7800550206327373e-05 1600
1759339116965 1.7525447042640992e-05 1800
1759339209620 1.725034387895461e-05 2000
1759339301970 1.6975240715268227e-05 2200
1759339394267 1.6700137551581846e-05 2400
1759339487865 1.642503438789546e-05 2600
1759339580499 1.614993122420908e-05 2800
1759339673165 1.58748280605227e-05 3000
1759339765892 1.5599724896836314e-05 3200
1759339858572 1.5324621733149933e-05 3400
1759339950933 1.504951856946355e-05 3600
1759340056199 1.4774415405777167e-05 3800
1759340152999 1.4499312242090786e-05 4000
1759340246012 1.4224209078404403e-05 4200
1759340338833 1.3949105914718019e-05 4400
1759340432921 1.367400275103164e-05 4600
1759340526884 1.3398899587345255e-05 4800
1759340619595 1.3123796423658872e-05 5000
1759340712482 1.2848693259972491e-05 5200
1759340805396 1.2573590096286108e-05 5400
1759340898177 1.2298486932599727e-05 5600
1759340990914 1.2023383768913344e-05 5800
1759341083803 1.1748280605226961e-05 6000
1759341176539 1.147317744154058e-05 6200
1759341269309 1.1198074277854196e-05 6400
1759341363122 1.0922971114167813e-05 6600
1759341456920 1.0647867950481432e-05 6800
1759341549782 1.0372764786795049e-05 7000
1759341642869 1.0097661623108666e-05 7200
1759341735629 9.822558459422285e-06 7400
1759341828251 9.547455295735902e-06 7600
1759341921309 9.27235213204952e-06 7800
1759342014545 8.997248968363136e-06 8000
1759342108210 8.722145804676755e-06 8200
1759342202179 8.447042640990372e-06 8400
1759342296062 8.17193947730399e-06 8600
1759342388991 7.896836313617607e-06 8800
1759342481932 7.6217331499312256e-06 9000
1759342574809 7.346629986244842e-06 9200
1759342667396 7.07152682255846e-06 9400
1759342760307 6.796423658872078e-06 9600
1759342853279 6.521320495185696e-06 9800
1759342945828 6.246217331499312e-06 10000
1759343038589 5.97111416781293e-06 10200
1759343131184 5.696011004126548e-06 10400
1759343224188 5.420907840440166e-06 10600
1759343316966 5.145804676753783e-06 10800
1759343410771 4.870701513067401e-06 11000
1759343503505 4.595598349381018e-06 11200
1759343596065 4.320495185694636e-06 11400
1759343688659 4.045392022008253e-06 11600
1759343781586 3.770288858321871e-06 11800
1759343874546 3.4951856946354886e-06 12000
1759343967216 3.220082530949106e-06 12200
1759344059996 2.9449793672627238e-06 12400
1759344152903 2.6698762035763414e-06 12600
1759344245707 2.394773039889959e-06 12800
1759344338619 2.1196698762035765e-06 13000
1759344431175 1.844566712517194e-06 13200
1759344523847 1.5694635488308115e-06 13400
1759344617056 1.294360385144429e-06 13600
1759344710073 1.0192572214580467e-06 13800
1759344802753 7.441540577716644e-07 14000
1759344895446 4.690508940852821e-07 14200
1759344988309 1.9394773039889962e-07 14400
