1759338371868 0.6425 200
1759338466386 0.5677 400
1759338560378 0.5431 600
1759338653333 0.5285 800
1759338746162 0.5252 1000
1759338838963 0.5293 1200
1759338931772 0.5237 1400
1759339024343 0.5154 1600
1759339116965 0.5175 1800
1759339209620 0.5102 2000
1759339301970 0.509 2200
1759339394267 0.5192 2400
1759339487865 0.5107 2600
1759339580499 0.5011 2800
1759339673165 0.5073 3000
1759339765892 0.5037 3200
1759339858572 0.5051 3400
1759339950933 0.498 3600
1759340056199 0.4793 3800
1759340152999 0.4714 4000
1759340246012 0.4701 4200
1759340338833 0.4688 4400
1759340432921 0.4692 4600
1759340526884 0.4697 4800
1759340619595 0.4717 5000
1759340712482 0.4712 5200
1759340805396 0.4678 5400
1759340898177 0.4724 5600
1759340990914 0.4713 5800
1759341083803 0.4681 6000
1759341176539 0.471 6200
1759341269309 0.4715 6400
1759341363122 0.474 6600
1759341456920 0.4742 6800
1759341549782 0.465 7000
1759341642869 0.4701 7200
1759341735629 0.4418 7400
1759341828251 0.4237 7600
1759341921309 0.4255 7800
1759342014545 0.4225 8000
1759342108210 0.4201 8200
1759342202179 0.4241 8400
1759342296062 0.4229 8600
1759342388991 0.4209 8800
1759342481932 0.4266 9000
1759342574809 0.4328 9200
1759342667396 0.4324 9400
1759342760307 0.4116 9600
1759342853279 0.4202 9800
1759342945828 0.4141 10000
1759343038589 0.4189 10200
1759343131184 0.4185 10400
1759343224188 0.4136 10600
1759343316966 0.4221 10800
1759343410771 0.3878 11000
1759343503505 0.3626 11200
1759343596065 0.3584 11400
1759343688659 0.3599 11600
1759343781586 0.3612 11800
1759343874546 0.3527 12000
1759343967216 0.3552 12200
1759344059996 0.3542 12400
1759344152903 0.3623 12600
1759344245707 0.3613 12800
1759344338619 0.3593 13000
1759344431175 0.3529 13200
1759344523847 0.352 13400
1759344617056 0.3525 13600
1759344710073 0.3519 13800
1759344802753 0.3486 14000
1759344895446 0.348 14200
1759344988309 0.3404 14400
