1757832273550 0.05201560468140442 200
1757832364730 0.10403120936280884 400
1757832456489 0.15604681404421328 600
1757832546809 0.20806241872561768 800
1757832635398 0.26007802340702213 1000
1757832722584 0.31209362808842656 1200
1757832810333 0.3641092327698309 1400
1757832898350 0.41612483745123535 1600
1757832986265 0.4681404421326398 1800
1757833075142 0.5201560468140443 2000
1757833163183 0.5721716514954487 2200
1757833252093 0.6241872561768531 2400
1757833339829 0.6762028608582574 2600
1757833427937 0.7282184655396619 2800
1757833515810 0.7802340702210663 3000
1757833603957 0.8322496749024707 3200
1757833691382 0.8842652795838751 3400
1757833779071 0.9362808842652796 3600
1757833866587 0.988296488946684 3800
1757833990107 1.0403120936280885 4000
1757834092180 1.092327698309493 4200
1757834194670 1.1443433029908974 4400
1757834295982 1.1963589076723018 4600
1757834398187 1.2483745123537062 4800
1757834500077 1.3003901170351106 5000
1757834602517 1.352405721716515 5200
1757834704174 1.4044213263979195 5400
1757834805409 1.456436931079324 5600
1757834907349 1.5084525357607284 5800
1757835009268 1.5604681404421328 6000
1757835110924 1.6124837451235372 6200
1757835212843 1.6644993498049416 6400
1757835314921 1.716514954486346 6600
1757835416647 1.7685305591677505 6800
1757835518585 1.820546163849155 7000
1757835620259 1.8725617685305593 7200
1757835721887 1.9245773732119635 7400
1757835926788 1.976592977893368 7600
1757836361112 2.0286085825747726 7800
1757836784099 2.080624187256177 8000
1757837090070 2.1326397919375815 8200
1757837176614 2.184655396618986 8400
1757837264168 2.2366710013003903 8600
1757837352113 2.2886866059817947 8800
1757837440386 2.340702210663199 9000
1757837529115 2.3927178153446036 9200
1757837617836 2.444733420026008 9400
1757837706831 2.4967490247074124 9600
1757837795813 2.548764629388817 9800
1757837884728 2.6007802340702213 10000
1757837973590 2.6527958387516257 10200
1757838063118 2.70481144343303 10400
1757838152133 2.7568270481144346 10600
1757838241330 2.808842652795839 10800
1757838330915 2.8608582574772434 11000
1757838420191 2.912873862158648 11200
1757838509587 2.9648894668400523 11400
1757838599012 3.0169050715214563 11600
1757838688523 3.0689206762028607 11800
1757838778051 3.120936280884265 12000
1757838867764 3.1729518855656695 12200
1757838957539 3.224967490247074 12400
1757839047182 3.2769830949284784 12600
1757839136728 3.328998699609883 12800
1757839226160 3.3810143042912872 13000
1757839315745 3.4330299089726917 13200
1757839405064 3.485045513654096 13400
1757839494660 3.5370611183355005 13600
1757839584314 3.589076723016905 13800
1757839674246 3.6410923276983094 14000
1757839764075 3.693107932379714 14200
1757839853682 3.7451235370611182 14400
1757839943329 3.7971391417425226 14600
1757840034089 3.849154746423927 14800
1757840123972 3.9011703511053315 15000
1757840213482 3.953185955786736 15200
1757840294046 4.0 15380
1757840395886 4.0 15380
