1757832273550 13.128240585327148 200
1757832364730 13.808833122253418 400
1757832456489 14.69748306274414 600
1757832546809 10.155685424804688 800
1757832635398 4.601123809814453 1000
1757832722584 6.352902412414551 1200
1757832810333 18.759477615356445 1400
1757832898350 9.168399810791016 1600
1757832986265 8.366806030273438 1800
1757833075142 9.159782409667969 2000
1757833163183 7.993161201477051 2200
1757833252093 11.849145889282227 2400
1757833339829 33.22156524658203 2600
1757833427937 7.649672985076904 2800
1757833515810 7.89289665222168 3000
1757833603957 7.87251091003418 3200
1757833691382 11.550065040588379 3400
1757833779071 5.630512237548828 3600
1757833866587 5.6234540939331055 3800
1757833990107 18.165691375732422 4000
1757834092180 7.541060447692871 4200
1757834194670 10.984461784362793 4400
1757834295982 6.749258995056152 4600
1757834398187 10.804366111755371 4800
1757834500077 3.990346670150757 5000
1757834602517 7.884533882141113 5200
1757834704174 7.460451126098633 5400
1757834805409 7.695242404937744 5600
1757834907349 12.639154434204102 5800
1757835009268 7.000983715057373 6000
1757835110924 6.779448986053467 6200
1757835212843 11.198386192321777 6400
1757835314921 7.818491458892822 6600
1757835416647 12.136007308959961 6800
1757835518585 5.668074607849121 7000
1757835620259 7.374758720397949 7200
1757835721887 9.048531532287598 7400
1757835926788 9.112093925476074 7600
1757836361112 8.253423690795898 7800
1757836784099 7.009194374084473 8000
1757837090070 10.254338264465332 8200
1757837176614 7.750752925872803 8400
1757837264168 8.869292259216309 8600
1757837352113 7.0842366218566895 8800
1757837440386 12.285114288330078 9000
1757837529115 12.370562553405762 9200
1757837617836 15.60680103302002 9400
1757837706831 39.18940734863281 9600
1757837795813 18.76496696472168 9800
1757837884728 6.211126804351807 10000
1757837973590 12.979920387268066 10200
1757838063118 9.734007835388184 10400
1757838152133 8.7271728515625 10600
1757838241330 15.754053115844727 10800
1757838330915 11.584423065185547 11000
1757838420191 8.685453414916992 11200
1757838509587 9.58026123046875 11400
1757838599012 20.59145736694336 11600
1757838688523 6.657939434051514 11800
1757838778051 11.546916961669922 12000
1757838867764 14.36468505859375 12200
1757838957539 16.16435432434082 12400
1757839047182 10.18168830871582 12600
1757839136728 17.038496017456055 12800
1757839226160 35.769737243652344 13000
1757839315745 24.88901138305664 13200
1757839405064 11.057701110839844 13400
1757839494660 9.63110065460205 13600
1757839584314 15.079484939575195 13800
1757839674246 14.328230857849121 14000
1757839764075 18.48625946044922 14200
1757839853682 10.85341739654541 14400
1757839943329 20.7298526763916 14600
1757840034089 15.8173828125 14800
1757840123972 26.173307418823242 15000
1757840213482 16.299203872680664 15200
