1757832273550 1.9741222366710016e-05 200
1757832364730 1.9481144343302995e-05 400
1757832456489 1.922106631989597e-05 600
1757832546809 1.896098829648895e-05 800
1757832635398 1.8700910273081928e-05 1000
1757832722584 1.8440832249674903e-05 1200
1757832810333 1.8180754226267882e-05 1400
1757832898350 1.792067620286086e-05 1600
1757832986265 1.766059817945384e-05 1800
1757833075142 1.7400520156046815e-05 2000
1757833163183 1.7140442132639794e-05 2200
1757833252093 1.6880364109232773e-05 2400
1757833339829 1.662028608582575e-05 2600
1757833427937 1.6360208062418727e-05 2800
1757833515810 1.6100130039011706e-05 3000
1757833603957 1.5840052015604684e-05 3200
1757833691382 1.557997399219766e-05 3400
1757833779071 1.531989596879064e-05 3600
1757833866587 1.5059817945383617e-05 3800
1757833990107 1.4799739921976594e-05 4000
1757834092180 1.4539661898569573e-05 4200
1757834194670 1.427958387516255e-05 4400
1757834295982 1.4019505851755527e-05 4600
1757834398187 1.3759427828348506e-05 4800
1757834500077 1.3499349804941483e-05 5000
1757834602517 1.3239271781534462e-05 5200
1757834704174 1.297919375812744e-05 5400
1757834805409 1.2719115734720418e-05 5600
1757834907349 1.2459037711313395e-05 5800
1757835009268 1.2198959687906374e-05 6000
1757835110924 1.1938881664499351e-05 6200
1757835212843 1.1678803641092328e-05 6400
1757835314921 1.1418725617685307e-05 6600
1757835416647 1.1158647594278284e-05 6800
1757835518585 1.0898569570871263e-05 7000
1757835620259 1.063849154746424e-05 7200
1757835721887 1.0378413524057219e-05 7400
1757835926788 1.0118335500650196e-05 7600
1757836361112 9.858257477243175e-06 7800
1757836784099 9.598179453836152e-06 8000
1757837090070 9.338101430429129e-06 8200
1757837176614 9.078023407022108e-06 8400
1757837264168 8.817945383615085e-06 8600
1757837352113 8.557867360208063e-06 8800
1757837440386 8.29778933680104e-06 9000
1757837529115 8.03771131339402e-06 9200
1757837617836 7.777633289986996e-06 9400
1757837706831 7.5175552665799744e-06 9600
1757837795813 7.257477243172952e-06 9800
1757837884728 6.99739921976593e-06 10000
1757837973590 6.737321196358908e-06 10200
1757838063118 6.477243172951886e-06 10400
1757838152133 6.217165149544863e-06 10600
1757838241330 5.957087126137841e-06 10800
1757838330915 5.697009102730819e-06 11000
1757838420191 5.436931079323797e-06 11200
1757838509587 5.176853055916775e-06 11400
1757838599012 4.916775032509754e-06 11600
1757838688523 4.656697009102731e-06 11800
1757838778051 4.396618985695709e-06 12000
1757838867764 4.136540962288687e-06 12200
1757838957539 3.876462938881665e-06 12400
1757839047182 3.6163849154746428e-06 12600
1757839136728 3.3563068920676207e-06 12800
1757839226160 3.0962288686605987e-06 13000
1757839315745 2.836150845253576e-06 13200
1757839405064 2.576072821846554e-06 13400
1757839494660 2.315994798439532e-06 13600
1757839584314 2.05591677503251e-06 13800
1757839674246 1.7958387516254878e-06 14000
1757839764075 1.5357607282184655e-06 14200
1757839853682 1.2756827048114434e-06 14400
1757839943329 1.0156046814044214e-06 14600
1757840034089 7.555266579973992e-07 14800
1757840123972 4.954486345903772e-07 15000
1757840213482 2.3537061118335501e-07 15200
