1757832273550 0.5116 200
1757832364730 0.3795 400
1757832456489 0.3634 600
1757832546809 0.3431 800
1757832635398 0.3497 1000
1757832722584 0.334 1200
1757832810333 0.3193 1400
1757832898350 0.3226 1600
1757832986265 0.3237 1800
1757833075142 0.3042 2000
1757833163183 0.3082 2200
1757833252093 0.3044 2400
1757833339829 0.3117 2600
1757833427937 0.3082 2800
1757833515810 0.2824 3000
1757833603957 0.2991 3200
1757833691382 0.3086 3400
1757833779071 0.3034 3600
1757833866587 0.2997 3800
1757833990107 0.2855 4000
1757834092180 0.2663 4200
1757834194670 0.2559 4400
1757834295982 0.275 4600
1757834398187 0.2735 4800
1757834500077 0.2754 5000
1757834602517 0.2597 5200
1757834704174 0.2744 5400
1757834805409 0.274 5600
1757834907349 0.2614 5800
1757835009268 0.2645 6000
1757835110924 0.2766 6200
1757835212843 0.2709 6400
1757835314921 0.2774 6600
1757835416647 0.2633 6800
1757835518585 0.2733 7000
1757835620259 0.2563 7200
1757835721887 0.2516 7400
1757835926788 0.2719 7600
1757836361112 0.2324 7800
1757836784099 0.2401 8000
1757837090070 0.2283 8200
1757837176614 0.2283 8400
1757837264168 0.2121 8600
1757837352113 0.2216 8800
1757837440386 0.2181 9000
1757837529115 0.2128 9200
1757837617836 0.2313 9400
1757837706831 0.2119 9600
1757837795813 0.2281 9800
1757837884728 0.2151 10000
1757837973590 0.2102 10200
1757838063118 0.2206 10400
1757838152133 0.2167 10600
1757838241330 0.2093 10800
1757838330915 0.2132 11000
1757838420191 0.2136 11200
1757838509587 0.2199 11400
1757838599012 0.197 11600
1757838688523 0.1661 11800
1757838778051 0.166 12000
1757838867764 0.1633 12200
1757838957539 0.1639 12400
1757839047182 0.1523 12600
1757839136728 0.1631 12800
1757839226160 0.1656 13000
1757839315745 0.1497 13200
1757839405064 0.1728 13400
1757839494660 0.1499 13600
1757839584314 0.157 13800
1757839674246 0.1609 14000
1757839764075 0.1445 14200
1757839853682 0.1563 14400
1757839943329 0.157 14600
1757840034089 0.1612 14800
1757840123972 0.1481 15000
1757840213482 0.1525 15200
