1758747360559 0.05509641873278237 200
1758747456490 0.11019283746556474 400
1758747549701 0.1652892561983471 600
1758747642550 0.22038567493112948 800
1758747736472 0.27548209366391185 1000
1758747830653 0.3305785123966942 1200
1758747923656 0.3856749311294766 1400
1758748016639 0.44077134986225897 1600
1758748109893 0.49586776859504134 1800
1758748203133 0.5509641873278237 2000
1758748296340 0.6060606060606061 2200
1758748389429 0.6611570247933884 2400
1758748482282 0.7162534435261708 2600
1758748575517 0.7713498622589532 2800
1758748668681 0.8264462809917356 3000
1758748761600 0.8815426997245179 3200
1758748854780 0.9366391184573003 3400
1758748948137 0.9917355371900827 3600
1758749056447 1.046831955922865 3800
1758749150965 1.1019283746556474 4000
1758749245790 1.1570247933884297 4200
1758749339058 1.2121212121212122 4400
1758749433250 1.2672176308539944 4600
1758749526650 1.322314049586777 4800
1758749619677 1.3774104683195592 5000
1758749713901 1.4325068870523416 5200
1758749807033 1.487603305785124 5400
1758749900375 1.5426997245179064 5600
1758749993548 1.5977961432506889 5800
1758750086904 1.6528925619834711 6000
1758750180084 1.7079889807162534 6200
1758750273403 1.7630853994490359 6400
1758750366791 1.8181818181818183 6600
1758750459901 1.8732782369146006 6800
1758750553288 1.9283746556473829 7000
1758750646881 1.9834710743801653 7200
1758750741627 2.038567493112948 7400
1758750834952 2.09366391184573 7600
1758750928171 2.1487603305785123 7800
1758751021540 2.203856749311295 8000
1758751114747 2.2589531680440773 8200
1758751207830 2.3140495867768593 8400
1758751301092 2.369146005509642 8600
1758751394256 2.4242424242424243 8800
1758751487308 2.479338842975207 9000
1758751581065 2.534435261707989 9200
1758751674625 2.5895316804407713 9400
1758751767965 2.644628099173554 9600
1758751861462 2.6997245179063363 9800
1758751955020 2.7548209366391183 10000
1758752048347 2.809917355371901 10200
1758752141894 2.8650137741046833 10400
1758752235383 2.9201101928374653 10600
1758752328734 2.975206611570248 10800
1758752423237 3.0303030303030303 11000
1758752516302 3.0853994490358128 11200
1758752609605 3.1404958677685952 11400
1758752702823 3.1955922865013773 11600
1758752795975 3.2506887052341598 11800
1758752889114 3.3057851239669422 12000
1758752982746 3.3608815426997243 12200
1758753075853 3.4159779614325068 12400
1758753169021 3.4710743801652892 12600
1758753262186 3.5261707988980717 12800
1758753355449 3.581267217630854 13000
1758753448872 3.6363636363636362 13200
1758753542167 3.6914600550964187 13400
1758753635537 3.746556473829201 13600
1758753728748 3.8016528925619832 13800
1758753821780 3.8567493112947657 14000
1758753914965 3.911845730027548 14200
1758754008310 3.9669421487603307 14400
1758754063899 4.0 14520
1758754394630 4.0 14520
