1758747360559 11.392032623291016 200
1758747456490 8.186715126037598 400
1758747549701 10.835020065307617 600
1758747642550 9.811323165893555 800
1758747736472 6.668320655822754 1000
1758747830653 6.274113655090332 1200
1758747923656 5.761227607727051 1400
1758748016639 7.9367241859436035 1600
1758748109893 5.475220203399658 1800
1758748203133 3.950542449951172 2000
1758748296340 5.826320171356201 2200
1758748389429 6.6738057136535645 2400
1758748482282 6.447211742401123 2600
1758748575517 5.121504783630371 2800
1758748668681 5.404975414276123 3000
1758748761600 6.8725385665893555 3200
1758748854780 6.440608978271484 3400
1758748948137 7.328233242034912 3600
1758749056447 4.061274528503418 3800
1758749150965 5.081640720367432 4000
1758749245790 7.833271503448486 4200
1758749339058 6.078000545501709 4400
1758749433250 5.848230361938477 4600
1758749526650 5.215951919555664 4800
1758749619677 7.042135238647461 5000
1758749713901 5.829009056091309 5200
1758749807033 5.484732627868652 5400
1758749900375 6.375252723693848 5600
1758749993548 5.556582450866699 5800
1758750086904 6.4784674644470215 6000
1758750180084 12.524219512939453 6200
1758750273403 5.577507019042969 6400
1758750366791 4.875926494598389 6600
1758750459901 9.092750549316406 6800
1758750553288 5.0532660484313965 7000
1758750646881 4.053558826446533 7200
1758750741627 10.157331466674805 7400
1758750834952 9.167932510375977 7600
1758750928171 7.825416088104248 7800
1758751021540 5.3786187171936035 8000
1758751114747 10.006691932678223 8200
1758751207830 6.416653633117676 8400
1758751301092 5.0704474449157715 8600
1758751394256 8.57008171081543 8800
1758751487308 7.14446496963501 9000
1758751581065 7.448085784912109 9200
1758751674625 6.301375865936279 9400
1758751767965 9.158466339111328 9600
1758751861462 8.529519081115723 9800
1758751955020 9.72999095916748 10000
1758752048347 7.3592848777771 10200
1758752141894 12.595525741577148 10400
1758752235383 7.146982669830322 10600
1758752328734 8.512324333190918 10800
1758752423237 11.262054443359375 11000
1758752516302 12.967294692993164 11200
1758752609605 13.16148853302002 11400
1758752702823 11.128670692443848 11600
1758752795975 13.060187339782715 11800
1758752889114 10.86666202545166 12000
1758752982746 12.869791984558105 12200
1758753075853 7.93986177444458 12400
1758753169021 11.612666130065918 12600
1758753262186 15.815229415893555 12800
1758753355449 10.550622940063477 13000
1758753448872 8.099451065063477 13200
1758753542167 12.38758659362793 13400
1758753635537 10.974536895751953 13600
1758753728748 12.765488624572754 13800
1758753821780 6.927201271057129 14000
1758753914965 10.488187789916992 14200
1758754008310 16.750097274780273 14400
