1758747360559 1.972589531680441e-05 200
1758747456490 1.9450413223140498e-05 400
1758747549701 1.9174931129476585e-05 600
1758747642550 1.8899449035812673e-05 800
1758747736472 1.862396694214876e-05 1000
1758747830653 1.834848484848485e-05 1200
1758747923656 1.807300275482094e-05 1400
1758748016639 1.7797520661157027e-05 1600
1758748109893 1.7522038567493115e-05 1800
1758748203133 1.7246556473829202e-05 2000
1758748296340 1.697107438016529e-05 2200
1758748389429 1.6695592286501377e-05 2400
1758748482282 1.6420110192837465e-05 2600
1758748575517 1.6144628099173556e-05 2800
1758748668681 1.5869146005509644e-05 3000
1758748761600 1.559366391184573e-05 3200
1758748854780 1.531818181818182e-05 3400
1758748948137 1.5042699724517908e-05 3600
1758749056447 1.4767217630853996e-05 3800
1758749150965 1.4491735537190084e-05 4000
1758749245790 1.4216253443526171e-05 4200
1758749339058 1.394077134986226e-05 4400
1758749433250 1.3665289256198348e-05 4600
1758749526650 1.3389807162534436e-05 4800
1758749619677 1.3114325068870524e-05 5000
1758749713901 1.2838842975206613e-05 5200
1758749807033 1.25633608815427e-05 5400
1758749900375 1.2287878787878788e-05 5600
1758749993548 1.2012396694214876e-05 5800
1758750086904 1.1736914600550967e-05 6000
1758750180084 1.1461432506887053e-05 6200
1758750273403 1.118595041322314e-05 6400
1758750366791 1.0910468319559228e-05 6600
1758750459901 1.0634986225895319e-05 6800
1758750553288 1.0359504132231407e-05 7000
1758750646881 1.0084022038567494e-05 7200
1758750741627 9.808539944903582e-06 7400
1758750834952 9.53305785123967e-06 7600
1758750928171 9.257575757575759e-06 7800
1758751021540 8.982093663911847e-06 8000
1758751114747 8.706611570247934e-06 8200
1758751207830 8.431129476584022e-06 8400
1758751301092 8.155647382920111e-06 8600
1758751394256 7.880165289256199e-06 8800
1758751487308 7.604683195592287e-06 9000
1758751581065 7.329201101928375e-06 9200
1758751674625 7.053719008264463e-06 9400
1758751767965 6.778236914600551e-06 9600
1758751861462 6.5027548209366395e-06 9800
1758751955020 6.227272727272727e-06 10000
1758752048347 5.951790633608816e-06 10200
1758752141894 5.676308539944903e-06 10400
1758752235383 5.400826446280993e-06 10600
1758752328734 5.12534435261708e-06 10800
1758752423237 4.849862258953169e-06 11000
1758752516302 4.574380165289256e-06 11200
1758752609605 4.298898071625345e-06 11400
1758752702823 4.0234159779614325e-06 11600
1758752795975 3.747933884297521e-06 11800
1758752889114 3.472451790633609e-06 12000
1758752982746 3.196969696969697e-06 12200
1758753075853 2.9214876033057856e-06 12400
1758753169021 2.6460055096418737e-06 12600
1758753262186 2.3705234159779617e-06 12800
1758753355449 2.0950413223140498e-06 13000
1758753448872 1.8195592286501378e-06 13200
1758753542167 1.5440771349862261e-06 13400
1758753635537 1.2685950413223142e-06 13600
1758753728748 9.931129476584022e-07 13800
1758753821780 7.176308539944904e-07 14000
1758753914965 4.421487603305785e-07 14200
1758754008310 1.6666666666666668e-07 14400
