1758747360559 0.6501 200
1758747456490 0.5685 400
1758747549701 0.5416 600
1758747642550 0.5368 800
1758747736472 0.5359 1000
1758747830653 0.5348 1200
1758747923656 0.5212 1400
1758748016639 0.5159 1600
1758748109893 0.5094 1800
1758748203133 0.5083 2000
1758748296340 0.5025 2200
1758748389429 0.5147 2400
1758748482282 0.5066 2600
1758748575517 0.5015 2800
1758748668681 0.5084 3000
1758748761600 0.5101 3200
1758748854780 0.5042 3400
1758748948137 0.5079 3600
1758749056447 0.4753 3800
1758749150965 0.4823 4000
1758749245790 0.4782 4200
1758749339058 0.4646 4400
1758749433250 0.471 4600
1758749526650 0.4738 4800
1758749619677 0.4714 5000
1758749713901 0.4736 5200
1758749807033 0.4802 5400
1758749900375 0.4724 5600
1758749993548 0.4796 5800
1758750086904 0.4672 6000
1758750180084 0.4662 6200
1758750273403 0.4747 6400
1758750366791 0.4749 6600
1758750459901 0.4699 6800
1758750553288 0.4589 7000
1758750646881 0.4679 7200
1758750741627 0.4418 7400
1758750834952 0.4206 7600
1758750928171 0.4266 7800
1758751021540 0.4294 8000
1758751114747 0.4328 8200
1758751207830 0.4228 8400
1758751301092 0.4272 8600
1758751394256 0.4217 8800
1758751487308 0.4249 9000
1758751581065 0.4282 9200
1758751674625 0.4294 9400
1758751767965 0.4187 9600
1758751861462 0.4233 9800
1758751955020 0.4293 10000
1758752048347 0.4267 10200
1758752141894 0.4175 10400
1758752235383 0.4158 10600
1758752328734 0.4167 10800
1758752423237 0.3802 11000
1758752516302 0.3699 11200
1758752609605 0.3652 11400
1758752702823 0.3593 11600
1758752795975 0.3695 11800
1758752889114 0.3613 12000
1758752982746 0.3634 12200
1758753075853 0.3626 12400
1758753169021 0.3547 12600
1758753262186 0.3666 12800
1758753355449 0.3644 13000
1758753448872 0.355 13200
1758753542167 0.3638 13400
1758753635537 0.3601 13600
1758753728748 0.3495 13800
1758753821780 0.3578 14000
1758753914965 0.3497 14200
1758754008310 0.3543 14400
