1758963256664 0.055020632737276476 200
1758963349787 0.11004126547455295 400
1758963441003 0.16506189821182943 600
1758963532322 0.2200825309491059 800
1758963623458 0.2751031636863824 1000
1758963714536 0.33012379642365886 1200
1758963805821 0.38514442916093533 1400
1758963896908 0.4401650618982118 1600
1758963988116 0.4951856946354883 1800
1758964079405 0.5502063273727648 2000
1758964170572 0.6052269601100413 2200
1758964269781 0.6602475928473177 2400
1758964368302 0.7152682255845942 2600
1758964466525 0.7702888583218707 2800
1758964565395 0.8253094910591472 3000
1758964663640 0.8803301237964236 3200
1758964762480 0.9353507565337001 3400
1758964860847 0.9903713892709766 3600
1758965000443 1.045392022008253 3800
1758965105507 1.1004126547455295 4000
1758965204135 1.155433287482806 4200
1758965302750 1.2104539202200826 4400
1758965401388 1.265474552957359 4600
1758965500136 1.3204951856946354 4800
1758965598640 1.375515818431912 5000
1758965699143 1.4305364511691885 5200
1758965797490 1.485557083906465 5400
1758965895896 1.5405777166437415 5600
1758965994582 1.5955983493810177 5800
1758966092787 1.6506189821182944 6000
1758966191565 1.7056396148555708 6200
1758966290965 1.7606602475928472 6400
1758966390180 1.8156808803301239 6600
1758966488821 1.8707015130674003 6800
1758966587705 1.9257221458046767 7000
1758966686150 1.9807427785419534 7200
1758966784789 2.0357634112792296 7400
1758966884087 2.090784044016506 7600
1758966982929 2.145804676753783 7800
1758967082077 2.200825309491059 8000
1758967180834 2.2558459422283357 8200
1758967280233 2.310866574965612 8400
1758967379174 2.3658872077028885 8600
1758967477996 2.420907840440165 8800
1758967576961 2.4759284731774414 9000
1758967675494 2.530949105914718 9200
1758967774440 2.5859697386519946 9400
1758967873340 2.640990371389271 9600
1758967972353 2.6960110041265475 9800
1758968071452 2.751031636863824 10000
1758968172305 2.8060522696011003 10200
1758968271158 2.861072902338377 10400
1758968369756 2.916093535075653 10600
1758968468630 2.97111416781293 10800
1758968567521 3.0261348005502064 11000
1758968666852 3.0811554332874826 11200
1758968765951 3.1361760660247593 11400
1758968865518 3.191196698762036 11600
1758968964251 3.246217331499312 11800
1758969063444 3.3012379642365888 12000
1758969162093 3.3562585969738654 12200
1758969260957 3.4112792297111416 12400
1758969360886 3.4662998624484183 12600
1758969460812 3.5213204951856945 12800
1758969560503 3.576341127922971 13000
1758969660625 3.6313617606602477 13200
1758969761443 3.686382393397524 13400
1758969860829 3.7414030261348006 13600
1758969960996 3.796423658872077 13800
1758970060830 3.8514442916093534 14000
1758970160861 3.90646492434663 14200
1758970260612 3.9614855570839067 14400
1758970330178 4.0 14540
1758970421843 4.0 14540
