1758963256664 13.971508026123047 200
1758963349787 17.546043395996094 400
1758963441003 14.70273208618164 600
1758963532322 5.656981468200684 800
1758963623458 15.008285522460938 1000
1758963714536 5.560894966125488 1200
1758963805821 4.859272480010986 1400
1758963896908 8.522489547729492 1600
1758963988116 10.262556076049805 1800
1758964079405 14.29784870147705 2000
1758964170572 7.695030689239502 2200
1758964269781 5.4496588706970215 2400
1758964368302 3.65771222114563 2600
1758964466525 5.292909145355225 2800
1758964565395 3.206113815307617 3000
1758964663640 5.169051647186279 3200
1758964762480 3.9115378856658936 3400
1758964860847 5.710829257965088 3600
1758965000443 5.580827713012695 3800
1758965105507 6.031726837158203 4000
1758965204135 7.091571807861328 4200
1758965302750 3.821197032928467 4400
1758965401388 7.058431148529053 4600
1758965500136 6.505024433135986 4800
1758965598640 4.77951192855835 5000
1758965699143 5.398726463317871 5200
1758965797490 5.356484413146973 5400
1758965895896 9.01633071899414 5600
1758965994582 3.9804141521453857 5800
1758966092787 5.556075096130371 6000
1758966191565 6.944860458374023 6200
1758966290965 7.769786834716797 6400
1758966390180 7.285825252532959 6600
1758966488821 5.864809513092041 6800
1758966587705 7.9290008544921875 7000
1758966686150 4.241232395172119 7200
1758966784789 6.968160152435303 7400
1758966884087 5.630563259124756 7600
1758966982929 8.41734790802002 7800
1758967082077 9.09709644317627 8000
1758967180834 8.52817153930664 8200
1758967280233 8.218841552734375 8400
1758967379174 7.3346266746521 8600
1758967477996 10.511570930480957 8800
1758967576961 7.142748832702637 9000
1758967675494 7.837137222290039 9200
1758967774440 8.223200798034668 9400
1758967873340 10.443885803222656 9600
1758967972353 10.649293899536133 9800
1758968071452 6.088929653167725 10000
1758968172305 6.808864593505859 10200
1758968271158 10.200828552246094 10400
1758968369756 12.998805046081543 10600
1758968468630 11.075913429260254 10800
1758968567521 9.593025207519531 11000
1758968666852 8.583502769470215 11200
1758968765951 16.486698150634766 11400
1758968865518 6.851129531860352 11600
1758968964251 23.83866310119629 11800
1758969063444 12.007899284362793 12000
1758969162093 12.30160140991211 12200
1758969260957 15.0686674118042 12400
1758969360886 9.050122261047363 12600
1758969460812 13.15389347076416 12800
1758969560503 19.60854148864746 13000
1758969660625 15.566452980041504 13200
1758969761443 11.831864356994629 13400
1758969860829 13.404951095581055 13600
1758969960996 11.044297218322754 13800
1758970060830 12.765639305114746 14000
1758970160861 7.5652923583984375 14200
1758970260612 9.624722480773926 14400
