1758963256664 1.972627235213205e-05 200
1758963349787 1.945116918844567e-05 400
1758963441003 1.9176066024759286e-05 600
1758963532322 1.8900962861072905e-05 800
1758963623458 1.862585969738652e-05 1000
1758963714536 1.835075653370014e-05 1200
1758963805821 1.8075653370013758e-05 1400
1758963896908 1.7800550206327373e-05 1600
1758963988116 1.7525447042640992e-05 1800
1758964079405 1.725034387895461e-05 2000
1758964170572 1.6975240715268227e-05 2200
1758964269781 1.6700137551581846e-05 2400
1758964368302 1.642503438789546e-05 2600
1758964466525 1.614993122420908e-05 2800
1758964565395 1.58748280605227e-05 3000
1758964663640 1.5599724896836314e-05 3200
1758964762480 1.5324621733149933e-05 3400
1758964860847 1.504951856946355e-05 3600
1758965000443 1.4774415405777167e-05 3800
1758965105507 1.4499312242090786e-05 4000
1758965204135 1.4224209078404403e-05 4200
1758965302750 1.3949105914718019e-05 4400
1758965401388 1.367400275103164e-05 4600
1758965500136 1.3398899587345255e-05 4800
1758965598640 1.3123796423658872e-05 5000
1758965699143 1.2848693259972491e-05 5200
1758965797490 1.2573590096286108e-05 5400
1758965895896 1.2298486932599727e-05 5600
1758965994582 1.2023383768913344e-05 5800
1758966092787 1.1748280605226961e-05 6000
1758966191565 1.147317744154058e-05 6200
1758966290965 1.1198074277854196e-05 6400
1758966390180 1.0922971114167813e-05 6600
1758966488821 1.0647867950481432e-05 6800
1758966587705 1.0372764786795049e-05 7000
1758966686150 1.0097661623108666e-05 7200
1758966784789 9.822558459422285e-06 7400
1758966884087 9.547455295735902e-06 7600
1758966982929 9.27235213204952e-06 7800
1758967082077 8.997248968363136e-06 8000
1758967180834 8.722145804676755e-06 8200
1758967280233 8.447042640990372e-06 8400
1758967379174 8.17193947730399e-06 8600
1758967477996 7.896836313617607e-06 8800
1758967576961 7.6217331499312256e-06 9000
1758967675494 7.346629986244842e-06 9200
1758967774440 7.07152682255846e-06 9400
1758967873340 6.796423658872078e-06 9600
1758967972353 6.521320495185696e-06 9800
1758968071452 6.246217331499312e-06 10000
1758968172305 5.97111416781293e-06 10200
1758968271158 5.696011004126548e-06 10400
1758968369756 5.420907840440166e-06 10600
1758968468630 5.145804676753783e-06 10800
1758968567521 4.870701513067401e-06 11000
1758968666852 4.595598349381018e-06 11200
1758968765951 4.320495185694636e-06 11400
1758968865518 4.045392022008253e-06 11600
1758968964251 3.770288858321871e-06 11800
1758969063444 3.4951856946354886e-06 12000
1758969162093 3.220082530949106e-06 12200
1758969260957 2.9449793672627238e-06 12400
1758969360886 2.6698762035763414e-06 12600
1758969460812 2.394773039889959e-06 12800
1758969560503 2.1196698762035765e-06 13000
1758969660625 1.844566712517194e-06 13200
1758969761443 1.5694635488308115e-06 13400
1758969860829 1.294360385144429e-06 13600
1758969960996 1.0192572214580467e-06 13800
1758970060830 7.441540577716644e-07 14000
1758970160861 4.690508940852821e-07 14200
1758970260612 1.9394773039889962e-07 14400
