1758963256664 0.6398 200
1758963349787 0.5571 400
1758963441003 0.5473 600
1758963532322 0.5315 800
1758963623458 0.5151 1000
1758963714536 0.5176 1200
1758963805821 0.5205 1400
1758963896908 0.5232 1600
1758963988116 0.5171 1800
1758964079405 0.5174 2000
1758964170572 0.5095 2200
1758964269781 0.5061 2400
1758964368302 0.5082 2600
1758964466525 0.5009 2800
1758964565395 0.4992 3000
1758964663640 0.5071 3200
1758964762480 0.514 3400
1758964860847 0.4972 3600
1758965000443 0.4847 3800
1758965105507 0.4717 4000
1758965204135 0.4739 4200
1758965302750 0.4706 4400
1758965401388 0.4621 4600
1758965500136 0.466 4800
1758965598640 0.4815 5000
1758965699143 0.4693 5200
1758965797490 0.4621 5400
1758965895896 0.4763 5600
1758965994582 0.4733 5800
1758966092787 0.4685 6000
1758966191565 0.4724 6200
1758966290965 0.4668 6400
1758966390180 0.4669 6600
1758966488821 0.4694 6800
1758966587705 0.4741 7000
1758966686150 0.4734 7200
1758966784789 0.4401 7400
1758966884087 0.435 7600
1758966982929 0.4161 7800
1758967082077 0.4182 8000
1758967180834 0.4242 8200
1758967280233 0.4255 8400
1758967379174 0.4156 8600
1758967477996 0.4248 8800
1758967576961 0.4225 9000
1758967675494 0.4156 9200
1758967774440 0.4315 9400
1758967873340 0.4308 9600
1758967972353 0.4336 9800
1758968071452 0.4154 10000
1758968172305 0.4207 10200
1758968271158 0.4178 10400
1758968369756 0.4163 10600
1758968468630 0.4266 10800
1758968567521 0.3877 11000
1758968666852 0.3585 11200
1758968765951 0.3578 11400
1758968865518 0.3581 11600
1758968964251 0.3603 11800
1758969063444 0.3526 12000
1758969162093 0.3542 12200
1758969260957 0.3557 12400
1758969360886 0.3569 12600
1758969460812 0.3562 12800
1758969560503 0.3609 13000
1758969660625 0.3494 13200
1758969761443 0.3609 13400
1758969860829 0.3608 13600
1758969960996 0.3514 13800
1758970060830 0.3537 14000
1758970160861 0.3529 14200
1758970260612 0.3515 14400
